date,Blast Site,Airport,Residential 1,Residential 2,Port 1,Port 2,index1,year,WoY,DoY,Event
2015-05-01,877.33,,1247.33,1079.67,,970.44,0,2015,18,121,0.0
2015-05-02,,436.11,532.44,369.56,798.22,,1,2015,18,122,0.0
2015-05-03,,,,944.0,,,2,2015,18,123,0.0
2015-05-04,545.0,727.22,943.56,613.33,1548.89,542.89,3,2015,19,124,0.0
2015-05-05,518.44,1551.11,977.56,1030.11,1641.11,,4,2015,19,125,0.0
2015-05-06,643.0,,1012.44,1078.0,,,5,2015,19,126,0.0
2015-05-07,623.67,772.33,755.0,667.89,,,6,2015,19,127,0.0
2015-05-08,507.56,1176.67,1024.67,1203.0,1377.67,530.11,7,2015,19,128,0.0
2015-05-09,402.11,776.0,709.11,853.78,794.22,672.22,8,2015,19,129,0.0
2015-05-10,550.89,946.67,958.56,1012.22,1016.78,453.78,9,2015,19,130,0.0
2015-05-11,,,,,,,10,2015,20,131,0.0
2015-05-12,589.89,968.89,556.0,497.89,1138.33,500.78,11,2015,20,132,0.0
2015-05-13,504.67,1064.11,958.33,1028.44,1442.56,530.78,12,2015,20,133,0.0
2015-05-14,,1204.44,1717.78,1778.78,,,13,2015,20,134,0.0
2015-05-15,556.89,1074.33,1098.89,1563.22,1188.33,564.33,14,2015,20,135,0.0
2015-05-16,,1492.0,1003.89,1102.78,1286.44,724.22,15,2015,20,136,0.0
2015-05-17,704.11,1528.44,815.67,915.33,1446.67,,16,2015,20,137,0.0
2015-05-18,,1121.44,840.33,845.78,1200.56,,17,2015,21,138,0.0
2015-05-19,469.22,731.0,883.44,,,,18,2015,21,139,0.0
2015-05-20,566.33,1073.11,1077.22,1302.44,,659.33,19,2015,21,140,0.0
2015-05-21,477.33,1294.56,759.56,1050.89,,605.56,20,2015,21,141,0.0
2015-05-22,,,,,,,21,2015,21,142,0.0
2015-05-23,,,,,,,22,2015,21,143,0.0
2015-05-24,527.0,931.22,941.11,1078.11,1163.67,,23,2015,21,144,0.0
2015-05-25,1010.44,891.0,1458.0,1359.33,973.89,,24,2015,22,145,0.0
2015-05-26,621.67,1038.78,817.33,1260.89,1073.22,,25,2015,22,146,0.0
2015-05-27,,,,,,,26,2015,22,147,0.0
2015-05-28,,,,,,,27,2015,22,148,0.0
2015-05-29,,177.78,,981.44,,,28,2015,22,149,0.0
2015-05-30,988.67,1175.33,1712.22,,,638.67,29,2015,22,150,0.0
2015-05-31,,863.67,900.56,1059.67,1155.33,487.11,30,2015,22,151,0.0
2015-06-01,510.0,262.22,463.78,762.11,483.89,,31,2015,23,152,0.0
2015-06-02,377.67,623.0,377.78,460.78,326.44,343.56,32,2015,23,153,0.0
2015-06-03,499.11,1230.0,832.0,1121.11,1499.78,,33,2015,23,154,0.0
2015-06-04,,1198.78,965.11,1160.89,1622.67,,34,2015,23,155,0.0
2015-06-05,714.0,1410.11,1100.67,1338.67,1309.33,609.67,35,2015,23,156,0.0
2015-06-06,560.78,854.78,704.89,698.11,1222.67,469.33,36,2015,23,157,0.0
2015-06-07,602.33,1212.0,710.22,788.0,994.11,504.44,37,2015,23,158,0.0
2015-06-08,,977.33,605.33,537.44,1142.44,575.78,38,2015,24,159,0.0
2015-06-09,568.89,1064.33,866.56,1078.56,1316.44,,39,2015,24,160,0.0
2015-06-10,,1095.56,1617.89,,1312.78,,40,2015,24,161,0.0
2015-06-11,531.11,1272.44,891.0,1059.11,1621.33,534.67,41,2015,24,162,0.0
2015-06-12,690.78,556.11,691.22,869.89,1175.44,,42,2015,24,163,0.0
2015-06-13,582.78,174.56,802.67,575.78,1617.56,647.56,43,2015,24,164,0.0
2015-06-14,520.11,1006.89,787.89,1050.11,1267.44,543.78,44,2015,24,165,0.0
2015-06-15,900.33,858.22,1600.0,1830.22,1085.0,,45,2015,25,166,0.0
2015-06-16,579.89,1035.67,924.11,1355.78,995.22,,46,2015,25,167,0.0
2015-06-17,596.56,1076.78,857.44,1010.44,1294.22,,47,2015,25,168,0.0
2015-06-18,885.56,1443.22,930.33,1034.78,,872.67,48,2015,25,169,0.0
2015-06-19,599.22,939.67,963.0,816.78,1425.89,,49,2015,25,170,0.0
2015-06-20,636.67,953.78,1105.78,1290.56,1315.11,591.33,50,2015,25,171,0.0
2015-06-21,,1156.56,995.33,1383.33,1390.0,590.0,51,2015,25,172,0.0
2015-06-22,,507.56,377.44,478.89,537.11,452.44,52,2015,26,173,0.0
2015-06-23,853.22,1742.0,943.78,627.56,1731.33,,53,2015,26,174,0.0
2015-06-24,246.56,,382.0,781.22,,669.56,54,2015,26,175,0.0
2015-06-25,643.33,581.33,782.44,982.44,976.44,628.89,55,2015,26,176,0.0
2015-06-26,1098.22,1034.89,1499.22,1729.78,1282.33,582.22,56,2015,26,177,0.0
2015-06-27,,716.33,,745.44,,,57,2015,26,178,0.0
2015-06-28,,1117.22,,1234.89,,,58,2015,26,179,0.0
2015-06-29,,1119.89,463.67,238.33,1250.11,610.67,59,2015,27,180,0.0
2015-06-30,196.67,255.44,199.56,1174.0,241.78,,60,2015,27,181,0.0
2015-07-01,717.78,450.0,980.22,1406.89,1184.67,,61,2015,27,182,0.0
2015-07-02,522.33,965.67,861.56,1181.89,1163.89,470.22,62,2015,27,183,0.0
2015-07-03,,697.56,454.56,575.67,409.44,395.78,63,2015,27,184,0.0
2015-07-04,1126.56,,1047.89,1221.11,,,64,2015,27,185,0.0
2015-07-05,515.11,1535.89,828.33,1086.22,1089.89,,65,2015,27,186,0.0
2015-07-06,630.67,1126.33,1145.11,1474.78,1277.44,531.56,66,2015,28,187,0.0
2015-07-07,631.89,815.0,1139.33,1645.67,1656.78,394.67,67,2015,28,188,0.0
2015-07-08,562.22,1198.22,852.78,1221.56,1342.89,487.11,68,2015,28,189,0.0
2015-07-09,457.44,275.67,489.0,1007.22,,530.89,69,2015,28,190,0.0
2015-07-10,613.22,1735.44,731.78,737.56,1688.67,,70,2015,28,191,0.0
2015-07-11,,,,,,,71,2015,28,192,0.0
2015-07-12,839.11,477.56,1162.22,1749.89,917.44,619.33,72,2015,28,193,0.0
2015-07-13,598.44,915.56,726.67,1045.89,807.0,512.56,73,2015,29,194,0.0
2015-07-14,527.11,1254.33,715.78,926.33,1289.67,426.78,74,2015,29,195,0.0
2015-07-15,,194.78,463.22,367.89,1153.89,,75,2015,29,196,0.0
2015-07-16,593.22,929.67,817.56,1053.33,1377.56,521.0,76,2015,29,197,0.0
2015-07-17,956.56,814.44,1320.67,1731.22,,496.22,77,2015,29,198,0.0
2015-07-18,555.56,1064.22,926.44,1391.78,894.78,509.56,78,2015,29,199,0.0
2015-07-19,518.56,1212.44,837.89,1057.0,,495.56,79,2015,29,200,0.0
2015-07-20,916.0,1982.11,941.78,997.0,,845.11,80,2015,30,201,0.0
2015-07-21,402.11,1532.56,841.78,1019.0,1500.78,,81,2015,30,202,0.0
2015-07-22,,1245.33,921.44,1148.33,1240.89,,82,2015,30,203,0.0
2015-07-23,592.67,1103.33,1106.11,1197.11,1233.33,393.56,83,2015,30,204,0.0
2015-07-24,585.89,1150.33,783.67,1035.0,,671.67,84,2015,30,205,0.0
2015-07-25,883.89,1163.0,888.44,1018.56,1176.11,,85,2015,30,206,0.0
2015-07-26,673.78,1472.67,828.33,795.33,,,86,2015,30,207,0.0
2015-07-27,499.11,791.33,800.89,1015.44,775.89,,87,2015,31,208,0.0
2015-07-28,1368.0,848.78,1456.44,900.78,765.67,583.67,88,2015,31,209,0.0
2015-07-29,510.33,1142.11,713.11,872.67,783.44,408.44,89,2015,31,210,0.0
2015-07-30,,1284.56,827.0,865.22,1238.11,611.0,90,2015,31,211,0.0
2015-07-31,1166.11,1873.11,843.56,743.89,,673.0,91,2015,31,212,0.0
2015-08-01,565.33,1181.67,1438.33,1295.67,1513.78,,92,2015,31,213,0.0
2015-08-02,457.67,582.11,655.44,686.33,574.56,,93,2015,31,214,0.0
2015-08-03,,369.44,254.67,261.0,234.78,328.33,94,2015,32,215,0.0
2015-08-04,,1064.56,721.11,798.0,1034.67,619.56,95,2015,32,216,0.0
2015-08-05,755.56,1870.67,757.78,829.22,1494.67,665.0,96,2015,32,217,0.0
2015-08-06,755.56,1870.67,757.78,829.22,1494.67,665.0,97,2015,32,218,0.0
2015-08-07,569.67,873.67,883.0,1000.33,787.33,530.67,98,2015,32,219,0.0
2015-08-08,639.78,944.56,989.67,1225.89,1214.78,356.44,99,2015,32,220,0.0
2015-08-09,523.56,1103.89,671.44,874.56,,472.44,100,2015,32,221,0.0
2015-08-10,,491.89,733.89,591.22,,,101,2015,33,222,0.0
2015-08-11,601.0,940.67,777.78,635.56,1434.33,271.33,102,2015,33,223,0.0
2015-08-12,518.56,876.11,810.67,912.78,874.56,,103,2015,33,224,0.0
2015-08-13,595.89,778.56,823.44,1016.67,,526.89,104,2015,33,225,0.0
2015-08-14,,936.67,813.78,996.33,900.0,381.44,105,2015,33,226,0.0
2015-08-15,646.0,1551.44,841.67,1014.33,1418.56,,106,2015,33,227,0.0
2015-08-16,583.56,1346.0,757.78,676.11,1227.22,592.0,107,2015,33,228,0.0
2015-08-17,,811.56,705.44,867.22,851.11,419.44,108,2015,34,229,0.0
2015-08-18,,987.33,354.89,1044.33,814.78,393.67,109,2015,34,230,0.0
2015-08-19,479.0,542.33,674.89,924.67,787.67,467.22,110,2015,34,231,0.0
2015-08-20,,893.11,516.22,672.56,486.78,505.44,111,2015,34,232,0.0
2015-08-21,962.22,,970.33,911.22,,746.78,112,2015,34,233,0.0
2015-08-22,472.11,1140.22,759.33,846.67,1003.78,,113,2015,34,234,0.0
2015-08-23,450.44,1034.22,873.33,1073.78,796.22,,114,2015,34,235,0.0
2015-08-24,516.44,1015.33,980.0,1126.56,1379.78,433.22,115,2015,35,236,0.0
2015-08-25,,,187.44,,,277.67,116,2015,35,237,0.0
2015-08-26,648.44,1473.67,822.67,827.67,1533.78,470.67,117,2015,35,238,0.0
2015-08-27,770.67,1177.67,726.56,635.11,,,118,2015,35,239,0.0
2015-08-28,473.78,945.56,799.44,971.56,,367.89,119,2015,35,240,0.0
2015-08-29,1242.11,851.33,1465.11,1425.67,,515.0,120,2015,35,241,0.0
2015-08-30,456.89,1547.78,776.89,,685.11,357.33,121,2015,35,242,0.0
2015-08-31,539.56,1999.56,749.56,774.44,1360.78,393.11,122,2015,36,243,0.0
2015-09-01,,1886.56,749.11,641.89,1774.11,570.0,123,2015,36,244,0.0
2015-09-02,499.67,954.56,670.33,815.33,879.33,400.33,124,2015,36,245,0.0
2015-09-03,,967.89,1236.0,1029.33,1082.33,,125,2015,36,246,0.0
2015-09-04,402.44,130.22,355.33,548.78,,,126,2015,36,247,0.0
2015-09-05,,1044.78,715.11,794.56,735.11,418.67,127,2015,36,248,0.0
2015-09-06,,167.67,,,,,128,2015,36,249,0.0
2015-09-07,,68.33,175.67,82.22,,,129,2015,37,250,0.0
2015-09-08,309.56,402.56,406.11,295.67,377.56,267.33,130,2015,37,251,0.0
2015-09-09,412.33,661.0,538.0,521.33,658.44,320.89,131,2015,37,252,0.0
2015-09-10,353.11,460.56,442.44,480.44,,328.78,132,2015,37,253,0.0
2015-09-11,344.0,572.33,380.56,318.0,451.56,,133,2015,37,254,0.0
2015-09-12,326.67,601.22,381.22,222.56,530.0,389.33,134,2015,37,255,0.0
2015-09-13,,,,,,,135,2015,37,256,0.0
2015-09-14,744.0,592.67,1043.89,932.78,866.44,391.11,136,2015,38,257,0.0
2015-09-15,,711.89,656.78,583.22,980.78,413.11,137,2015,38,258,0.0
2015-09-16,158.0,173.44,183.56,298.44,179.44,,138,2015,38,259,0.0
2015-09-17,252.89,183.78,391.0,500.33,580.33,,139,2015,38,260,0.0
2015-09-18,458.44,928.11,686.89,735.33,783.22,458.33,140,2015,38,261,0.0
2015-09-19,745.89,968.56,1273.56,1171.56,916.11,,141,2015,38,262,0.0
2015-09-20,419.89,1081.11,702.22,728.11,889.67,451.44,142,2015,38,263,0.0
2015-09-21,562.44,1121.22,814.33,830.56,,,143,2015,39,264,0.0
2015-09-22,802.22,1810.56,853.67,945.33,1462.44,,144,2015,39,265,0.0
2015-09-23,527.56,980.44,660.33,687.33,726.11,,145,2015,39,266,0.0
2015-09-24,513.78,966.33,925.78,1022.22,,408.0,146,2015,39,267,0.0
2015-09-25,558.78,845.67,945.56,1555.11,1020.44,,147,2015,39,268,0.0
2015-09-26,589.78,925.89,933.33,985.89,873.78,539.56,148,2015,39,269,0.0
2015-09-27,750.22,294.78,764.33,671.78,1028.11,542.33,149,2015,39,270,0.0
2015-09-28,,,,,,,150,2015,40,271,0.0
2015-09-29,537.67,,886.33,1006.0,,,151,2015,40,272,0.0
2015-09-30,,695.56,,,,,152,2015,40,273,0.0
2015-10-01,,618.0,709.78,867.78,558.11,416.56,153,2015,40,274,0.0
2015-10-02,636.0,872.0,753.0,430.44,,616.56,154,2015,40,275,0.0
2015-10-03,412.56,92.33,516.0,588.67,1211.11,,155,2015,40,276,0.0
2015-10-04,472.56,1241.22,765.33,642.11,791.11,,156,2015,40,277,0.0
2015-10-05,,,,,,,157,2015,41,278,0.0
2015-10-06,,,,,,,158,2015,41,279,0.0
2015-10-07,,832.0,,,,,159,2015,41,280,0.0
2015-10-08,386.44,,562.78,827.0,,,160,2015,41,281,0.0
2015-10-09,,831.11,729.89,,1110.67,,161,2015,41,282,0.0
2015-10-10,441.11,1081.56,879.67,1170.89,1043.89,,162,2015,41,283,0.0
2015-10-11,487.0,1221.33,913.56,1022.78,1190.89,422.0,163,2015,41,284,0.0
2015-10-12,529.11,918.56,767.33,,845.33,,164,2015,42,285,0.0
2015-10-13,,1561.89,743.89,751.44,1115.89,,165,2015,42,286,0.0
2015-10-14,463.44,1150.11,668.22,560.22,867.22,,166,2015,42,287,0.0
2015-10-15,456.11,977.67,737.22,928.67,1208.22,486.22,167,2015,42,288,0.0
2015-10-16,844.78,1146.44,1340.0,918.0,1329.67,,168,2015,42,289,0.0
2015-10-17,,,,500.33,,,169,2015,42,290,0.0
2015-10-18,,,,,,475.78,170,2015,42,291,0.0
2015-10-19,458.22,1094.22,613.22,490.11,,494.0,171,2015,43,292,0.0
2015-10-20,389.44,1160.89,765.22,851.56,1462.33,,172,2015,43,293,0.0
2015-10-21,878.11,825.89,1481.67,1647.11,,573.56,173,2015,43,294,0.0
2015-10-22,,,,,,,174,2015,43,295,0.0
2015-10-23,,,,,,,175,2015,43,296,0.0
2015-10-24,,,,,,,176,2015,43,297,0.0
2015-10-25,,977.67,819.67,866.0,723.44,468.33,177,2015,43,298,0.0
2015-10-26,,,,,,,178,2015,44,299,0.0
2015-10-27,,,,,,,179,2015,44,300,0.0
2015-10-28,,,,,,,180,2015,44,301,0.0
2015-10-29,,1230.33,828.0,695.67,,,181,2015,44,302,0.0
2015-10-30,,1322.33,,,,,182,2015,44,303,0.0
2015-10-31,491.67,1166.67,991.11,1061.0,,,183,2015,44,304,0.0
2016-05-01,517.33,924.22,914.33,1025.22,758.44,657.78,184,2016,17,122,0.0
2016-05-02,,1033.22,691.22,943.0,1391.78,552.89,185,2016,18,123,0.0
2016-05-03,,,,,,,186,2016,18,124,0.0
2016-05-04,,,,,,,187,2016,18,125,0.0
2016-05-05,,,,,,,188,2016,18,126,0.0
2016-05-06,,,,,,,189,2016,18,127,0.0
2016-05-07,518.44,1242.89,532.56,553.78,,442.0,190,2016,18,128,0.0
2016-05-08,,,,1147.67,,,191,2016,18,129,0.0
2016-05-09,682.44,1544.11,884.33,897.67,1223.89,834.56,192,2016,19,130,0.0
2016-05-10,524.22,882.67,943.78,1082.11,,,193,2016,19,131,0.0
2016-05-11,845.89,971.44,1537.33,1538.78,1137.89,,194,2016,19,132,0.0
2016-05-12,503.67,1034.11,855.11,1113.89,1384.78,,195,2016,19,133,0.0
2016-05-13,620.0,1106.0,768.89,806.0,950.11,,196,2016,19,134,0.0
2016-05-14,,,,,,,197,2016,19,135,0.0
2016-05-15,,746.44,686.0,856.11,754.22,624.44,198,2016,19,136,0.0
2016-05-16,774.67,707.22,1495.0,1493.78,1027.89,,199,2016,20,137,0.0
2016-05-17,,1048.33,,,,,200,2016,20,138,0.0
2016-05-18,414.33,1049.44,742.44,1118.0,1289.0,723.56,201,2016,20,139,0.0
2016-05-19,494.78,1660.56,837.44,954.78,1334.89,624.89,202,2016,20,140,0.0
2016-05-20,,,,,949.33,,203,2016,20,141,0.0
2016-05-21,608.11,764.67,936.33,1009.67,1020.44,,204,2016,20,142,0.0
2016-05-22,451.44,,644.56,,906.33,863.89,205,2016,20,143,0.0
2016-05-23,,,,,,,206,2016,21,144,0.0
2016-05-24,681.11,1469.56,853.89,1410.78,,656.0,207,2016,21,145,0.0
2016-05-25,519.56,1314.56,809.11,692.89,,,208,2016,21,146,0.0
2016-05-26,444.22,1245.33,596.22,1186.56,1159.78,,209,2016,21,147,0.0
2016-05-27,1022.78,908.33,1654.33,1734.78,1172.44,,210,2016,21,148,0.0
2016-05-28,657.89,1034.67,1071.89,1475.56,1044.67,,211,2016,21,149,0.0
2016-05-29,582.89,966.78,858.89,1068.67,1112.22,780.78,212,2016,21,150,0.0
2016-05-30,594.22,1767.22,897.0,773.78,,,213,2016,22,151,0.0
2016-05-31,455.89,1156.22,896.67,,1289.11,648.0,214,2016,22,152,0.0
2016-06-01,857.33,1046.78,,,1456.89,965.33,215,2016,22,153,0.0
2016-06-02,532.78,784.67,1081.22,1059.22,990.44,608.22,216,2016,22,154,0.0
2016-06-03,630.67,789.67,899.67,,873.67,545.11,217,2016,22,155,0.0
2016-06-04,764.0,992.56,926.78,929.89,1464.67,,218,2016,22,156,0.0
2016-06-05,515.11,1157.89,888.22,989.22,,586.11,219,2016,22,157,0.0
2016-06-06,482.78,1068.44,924.44,1255.78,1415.56,,220,2016,23,158,0.0
2016-06-07,,921.89,933.44,1182.78,1227.33,,221,2016,23,159,0.0
2016-06-08,649.89,1257.22,873.11,1241.67,1258.33,662.67,222,2016,23,160,0.0
2016-06-09,780.0,1530.11,945.56,656.56,1851.67,721.33,223,2016,23,161,0.0
2016-06-10,585.89,1440.0,900.67,972.0,1282.44,,224,2016,23,162,0.0
2016-06-11,425.78,497.22,480.33,682.0,732.78,,225,2016,23,163,0.0
2016-06-12,1355.44,1031.33,1273.33,1345.89,819.44,,226,2016,23,164,0.0
2016-06-13,553.0,833.67,759.33,944.22,1078.22,638.56,227,2016,24,165,0.0
2016-06-14,565.89,1079.56,740.0,982.44,1192.78,570.11,228,2016,24,166,0.0
2016-06-15,,800.78,675.44,575.44,1103.11,732.78,229,2016,24,167,0.0
2016-06-16,478.78,1277.78,860.67,1274.22,1852.89,,230,2016,24,168,0.0
2016-06-17,802.89,1163.67,1302.67,1623.0,1217.56,,231,2016,24,169,0.0
2016-06-18,476.67,890.11,868.78,1271.67,910.67,526.44,232,2016,24,170,0.0
2016-06-19,527.89,996.33,732.89,1021.67,745.89,,233,2016,24,171,0.0
2016-06-20,,912.11,659.22,690.44,,575.11,234,2016,25,172,0.0
2016-06-21,471.44,989.44,780.78,948.0,1125.22,,235,2016,25,173,0.0
2016-06-22,,1002.56,707.89,829.22,778.22,498.0,236,2016,25,174,0.0
2016-06-23,464.33,1112.0,989.56,1093.78,1297.89,499.89,237,2016,25,175,0.0
2016-06-24,437.11,1017.22,819.22,1033.78,1251.33,523.0,238,2016,25,176,0.0
2016-06-25,528.11,1375.22,852.56,1121.0,1271.0,857.67,239,2016,25,177,0.0
2016-06-26,574.78,1240.67,825.44,901.11,1490.67,921.56,240,2016,25,178,0.0
2016-06-27,323.0,349.0,342.44,789.67,231.56,70.78,241,2016,26,179,0.0
2016-06-28,799.11,897.0,1595.11,1599.56,1246.89,590.22,242,2016,26,180,0.0
2016-06-29,502.78,1093.33,790.67,1042.0,1104.56,,243,2016,26,181,0.0
2016-06-30,702.89,1456.0,834.11,1035.89,,528.0,244,2016,26,182,0.0
2016-07-01,617.22,1243.33,750.67,688.56,1404.0,740.44,245,2016,26,183,0.0
2016-07-02,503.22,981.0,929.78,1163.89,1201.11,712.56,246,2016,26,184,0.0
2016-07-03,812.44,792.44,1598.78,1533.33,787.44,460.0,247,2016,26,185,0.0
2016-07-04,511.0,946.33,838.78,1070.11,997.89,534.22,248,2016,27,186,0.0
2016-07-05,578.0,771.11,775.11,1153.78,1506.11,699.33,249,2016,27,187,0.0
2016-07-06,766.89,1741.33,912.89,1110.78,1889.0,722.11,250,2016,27,188,0.0
2016-07-07,377.33,1227.33,771.78,1110.67,977.11,540.11,251,2016,27,189,0.0
2016-07-08,534.56,754.44,903.89,830.22,1018.0,559.11,252,2016,27,190,0.0
2016-07-09,528.33,928.78,986.22,1139.89,1174.78,584.22,253,2016,27,191,0.0
2016-07-10,557.78,1117.78,853.33,1079.78,598.78,488.67,254,2016,27,192,0.0
2016-07-11,712.78,916.33,802.0,949.22,1562.89,573.33,255,2016,28,193,0.0
2016-07-12,481.44,1511.78,707.67,707.0,1222.11,540.11,256,2016,28,194,0.0
2016-07-13,397.11,890.89,946.44,1142.78,1153.78,534.89,257,2016,28,195,0.0
2016-07-14,703.56,740.67,1450.56,1685.67,1360.67,533.56,258,2016,28,196,0.0
2016-07-15,531.11,893.11,762.22,1007.44,938.44,623.67,259,2016,28,197,0.0
2016-07-16,468.78,562.44,598.11,574.0,,522.33,260,2016,28,198,0.0
2016-07-17,766.67,1365.56,915.56,760.0,1361.78,,261,2016,28,199,0.0
2016-07-18,393.0,1253.67,841.78,973.67,1282.67,572.0,262,2016,29,200,0.0
2016-07-19,660.11,666.0,1619.33,1584.56,1221.44,434.11,263,2016,29,201,0.0
2016-07-20,,494.22,831.67,1064.56,982.78,,264,2016,29,202,0.0
2016-07-21,417.56,866.44,784.78,788.78,,492.78,265,2016,29,203,0.0
2016-07-22,750.11,1289.89,844.56,458.89,679.44,,266,2016,29,204,0.0
2016-07-23,526.78,819.11,897.78,842.33,847.11,557.78,267,2016,29,205,0.0
2016-07-24,473.44,926.22,1107.0,1021.78,760.22,492.78,268,2016,29,206,0.0
2016-07-25,469.67,1079.89,848.22,906.89,1007.67,,269,2016,30,207,0.0
2016-07-26,,839.0,843.22,638.78,1357.0,491.11,270,2016,30,208,0.0
2016-07-27,622.78,1609.11,867.89,1038.11,1544.11,590.89,271,2016,30,209,0.0
2016-07-28,597.56,1323.44,903.22,750.67,1945.33,727.67,272,2016,30,210,0.0
2016-07-29,,,,,,,273,2016,30,211,0.0
2016-07-30,625.56,965.67,1256.0,1191.44,1476.67,680.11,274,2016,30,212,0.0
2016-07-31,474.89,911.56,795.78,,810.89,,275,2016,30,213,0.0
2016-08-01,,522.33,616.56,604.0,,296.33,276,2016,31,214,0.0
2016-08-02,643.11,1162.0,752.33,653.78,1300.22,579.22,277,2016,31,215,0.0
2016-08-03,,991.11,864.22,979.78,1418.78,587.44,278,2016,31,216,0.0
2016-08-04,874.0,811.44,1156.11,1349.0,,473.78,279,2016,31,217,0.0
2016-08-05,488.44,837.44,842.33,1082.89,1377.89,704.67,280,2016,31,218,0.0
2016-08-06,581.67,1192.33,848.44,976.0,1131.67,759.78,281,2016,31,219,0.0
2016-08-07,595.67,998.44,675.78,698.11,941.56,551.11,282,2016,31,220,0.0
2016-08-08,508.78,947.0,779.0,758.44,1274.67,524.78,283,2016,32,221,0.0
2016-08-09,622.78,924.89,1112.22,873.67,1311.0,508.89,284,2016,32,222,0.0
2016-08-10,635.89,942.22,915.22,1134.44,1059.44,,285,2016,32,223,0.0
2016-08-11,466.78,828.67,742.44,331.78,,415.33,286,2016,32,224,0.0
2016-08-12,525.0,483.11,655.11,514.22,473.44,692.33,287,2016,32,225,0.0
2016-08-13,,1078.67,731.44,650.44,1647.22,713.67,288,2016,32,226,0.0
2016-08-14,,95.0,443.0,892.0,703.44,,289,2016,32,227,0.0
2016-08-15,532.0,814.56,713.56,1138.89,416.11,,290,2016,33,228,0.0
2016-08-16,577.78,961.56,823.11,966.44,1242.11,442.44,291,2016,33,229,0.0
2016-08-17,573.78,1375.44,761.89,1046.78,1343.78,559.78,292,2016,33,230,0.0
2016-08-18,853.67,1690.44,732.11,624.67,1527.11,719.22,293,2016,33,231,0.0
2016-08-19,426.89,1065.78,786.89,916.11,1096.44,606.78,294,2016,33,232,0.0
2016-08-20,877.67,882.56,1335.0,1078.89,797.89,615.44,295,2016,33,233,0.0
2016-08-21,467.33,857.78,708.89,825.56,828.78,,296,2016,33,234,0.0
2016-08-22,339.89,313.11,321.78,534.33,295.67,367.67,297,2016,34,235,0.0
2016-08-23,,,,,,,298,2016,34,236,0.0
2016-08-24,,503.22,,,,503.0,299,2016,34,237,0.0
2016-08-25,,240.22,480.11,374.11,340.33,,300,2016,34,238,0.0
2016-08-26,491.0,234.44,639.56,401.67,1252.22,540.44,301,2016,34,239,0.0
2016-08-27,294.44,239.44,426.22,825.22,132.78,,302,2016,34,240,0.0
2016-08-28,609.22,209.0,500.89,495.78,718.78,,303,2016,34,241,0.0
2016-08-29,420.0,485.89,,428.33,494.11,,304,2016,35,242,0.0
2016-08-30,50.0,41.67,95.56,28.33,50.33,82.33,305,2016,35,243,0.0
2016-08-31,845.78,900.11,1292.56,1270.44,953.56,,306,2016,35,244,0.0
2016-09-01,451.22,358.11,547.89,604.78,,392.0,307,2016,35,245,0.0
2016-09-02,646.78,1268.11,807.0,905.11,1390.89,732.67,308,2016,35,246,0.0
2016-09-03,,198.67,717.33,461.22,1451.44,,309,2016,35,247,0.0
2016-09-04,613.56,922.22,834.56,906.11,,626.67,310,2016,35,248,0.0
2016-09-05,,874.0,1213.44,1399.0,1274.56,,311,2016,36,249,0.0
2016-09-06,488.22,230.11,778.33,609.44,1026.56,,312,2016,36,250,0.0
2016-09-07,500.0,71.89,593.78,333.56,,502.89,313,2016,36,251,0.0
2016-09-08,405.89,776.22,354.22,363.0,,263.22,314,2016,36,252,0.0
2016-09-09,,890.44,782.89,814.44,1333.33,573.89,315,2016,36,253,0.0
2016-09-10,508.0,886.22,1016.56,1178.22,1117.89,576.56,316,2016,36,254,0.0
2016-09-11,550.44,980.67,940.11,1139.0,1073.11,,317,2016,36,255,0.0
2016-09-12,403.11,310.67,503.56,375.0,1060.78,626.44,318,2016,37,256,0.0
2016-09-13,,1252.67,776.78,947.67,,580.0,319,2016,37,257,0.0
2016-09-14,356.11,509.22,632.67,,817.22,634.0,320,2016,37,258,0.0
2016-09-15,480.67,990.78,840.78,966.56,1131.22,,321,2016,37,259,0.0
2016-09-16,595.11,915.44,923.89,882.22,,,322,2016,37,260,0.0
2016-09-17,566.44,813.67,939.89,923.67,,565.89,323,2016,37,261,0.0
2016-09-18,,1501.0,839.56,881.89,1021.11,,324,2016,37,262,0.0
2016-09-19,637.78,1861.44,770.78,716.78,,652.67,325,2016,38,263,0.0
2016-09-20,435.78,824.33,706.89,744.78,,504.78,326,2016,38,264,0.0
2016-09-21,558.22,770.89,1039.22,1030.33,1048.33,,327,2016,38,265,0.0
2016-09-22,,,,,,,328,2016,38,266,0.0
2016-09-23,,,,,,,329,2016,38,267,0.0
2016-09-24,847.67,1521.11,902.89,938.78,1227.56,,330,2016,38,268,0.0
2016-09-25,456.11,794.89,775.78,840.89,1038.33,,331,2016,38,269,0.0
2016-09-26,662.56,304.22,773.22,,723.33,491.11,332,2016,39,270,0.0
2016-09-27,567.22,674.0,947.89,758.22,1185.11,,333,2016,39,271,0.0
2016-09-28,456.56,1058.56,789.67,920.11,1069.67,,334,2016,39,272,0.0
2016-09-29,620.89,1656.78,1001.67,1054.0,,610.89,335,2016,39,273,0.0
2016-09-30,588.89,1742.22,892.11,793.89,1532.11,711.33,336,2016,39,274,0.0
2016-10-01,,1093.0,936.11,1067.44,1360.67,,337,2016,39,275,0.0
2016-10-02,,883.67,1274.33,1152.78,1063.78,,338,2016,39,276,0.0
2016-10-03,,957.56,740.0,812.44,,450.67,339,2016,40,277,0.0
2016-10-04,526.11,1276.11,780.33,1113.0,1823.22,527.11,340,2016,40,278,0.0
2016-10-05,589.56,1718.11,793.33,741.67,,691.67,341,2016,40,279,0.0
2016-10-06,,1204.33,899.44,754.22,1074.11,,342,2016,40,280,0.0
2016-10-07,753.11,798.89,1583.67,1658.44,1033.33,,343,2016,40,281,0.0
2016-10-08,476.67,1031.0,956.11,1001.44,1114.33,551.0,344,2016,40,282,0.0
2016-10-09,,1264.56,845.33,935.89,944.0,617.11,345,2016,40,283,0.0
2016-10-10,,1209.0,590.33,600.44,508.78,,346,2016,41,284,0.0
2016-10-11,450.11,1019.22,766.11,832.33,1106.89,,347,2016,41,285,0.0
2016-10-12,459.89,1107.22,1039.33,1097.56,,,348,2016,41,286,0.0
2016-10-13,,724.33,951.78,1031.67,1108.22,,349,2016,41,287,0.0
2016-10-14,537.22,1159.22,839.78,927.89,1300.78,,350,2016,41,288,0.0
2016-10-15,699.22,1660.33,954.44,1013.44,1656.33,,351,2016,41,289,0.0
2016-10-16,723.0,1794.44,831.11,767.67,1201.67,785.44,352,2016,41,290,0.0
2016-10-17,364.67,1210.44,822.11,1061.89,1404.11,,353,2016,42,291,0.0
2016-10-18,658.11,,1213.22,618.33,,,354,2016,42,292,0.0
2016-10-19,545.67,880.44,792.56,951.11,1250.44,,355,2016,42,293,0.0
2016-10-20,,1245.89,872.33,943.44,,831.0,356,2016,42,294,0.0
2016-10-21,,1578.67,852.44,774.44,,807.56,357,2016,42,295,0.0
2016-10-22,468.44,205.89,741.0,,1352.22,576.78,358,2016,42,296,0.0
2016-10-23,,996.33,1418.0,1940.67,1402.89,750.22,359,2016,42,297,0.0
2016-10-24,518.89,915.0,775.89,956.11,1046.89,,360,2016,43,298,0.0
2016-10-25,578.56,1134.22,762.67,871.33,1772.67,606.0,361,2016,43,299,0.0
2016-10-26,1088.89,1545.22,924.22,1210.33,1900.56,,362,2016,43,300,0.0
2016-10-27,,,,,,,363,2016,43,301,0.0
2016-10-28,523.33,1001.0,1101.67,1122.56,1099.0,503.33,364,2016,43,302,0.0
2016-10-29,628.67,1064.78,1062.67,1099.78,833.44,,365,2016,43,303,0.0
2016-10-30,497.67,1178.67,820.0,981.89,858.67,,366,2016,43,304,0.0
2016-10-31,578.11,1345.67,918.78,1241.56,1333.22,,367,2016,44,305,0.0
2017-05-01,421.0,732.44,556.67,424.22,,,368,2017,18,121,0.0
2017-05-02,,164.0,,,,,369,2017,18,122,0.0
2017-05-03,,,,,,,370,2017,18,123,0.0
2017-05-04,459.22,1040.56,844.78,1075.0,1110.33,611.11,371,2017,18,124,0.0
2017-05-05,439.67,327.78,528.56,449.33,558.44,446.78,372,2017,18,125,0.0
2017-05-06,750.78,1889.89,953.89,1286.11,1604.78,827.56,373,2017,18,126,0.0
2017-05-07,382.11,1212.33,742.89,891.0,1628.22,685.89,374,2017,18,127,0.0
2017-05-08,461.89,1053.44,1003.22,1210.22,,749.11,375,2017,19,128,0.0
2017-05-09,474.67,972.44,970.67,1189.11,1456.67,623.0,376,2017,19,129,0.0
2017-05-10,454.22,1021.22,947.78,918.78,1384.67,,377,2017,19,130,0.0
2017-05-11,683.22,1011.0,1005.89,850.33,1685.44,,378,2017,19,131,0.0
2017-05-12,484.67,1683.78,961.56,754.89,,,379,2017,19,132,0.0
2017-05-13,437.33,759.33,825.89,806.44,1332.11,,380,2017,19,133,0.0
2017-05-14,760.78,954.0,1433.78,1615.33,1269.33,662.67,381,2017,19,134,0.0
2017-05-15,462.67,1229.44,862.56,873.44,1461.67,663.44,382,2017,20,135,0.0
2017-05-16,465.44,1317.67,964.22,634.78,1766.11,683.11,383,2017,20,136,0.0
2017-05-17,586.56,1776.56,792.78,552.0,1883.22,,384,2017,20,137,0.0
2017-05-18,435.22,887.89,773.78,799.33,1207.44,567.56,385,2017,20,138,0.0
2017-05-19,,715.33,,,1057.89,,386,2017,20,139,0.0
2017-05-20,,,,,,,387,2017,20,140,0.0
2017-05-21,424.33,1271.44,820.56,1052.89,1157.11,,388,2017,20,141,0.0
2017-05-22,,,,,,,389,2017,21,142,0.0
2017-05-23,,,,546.78,,,390,2017,21,143,0.0
2017-05-24,542.0,615.78,760.22,751.0,1111.33,,391,2017,21,144,0.0
2017-05-25,,612.78,,698.0,,,392,2017,21,145,0.0
2017-05-26,411.78,1375.89,1058.44,1136.89,,805.33,393,2017,21,146,0.0
2017-05-27,519.0,1505.0,923.22,1313.44,,783.33,394,2017,21,147,0.0
2017-05-28,431.44,1214.22,812.33,757.22,,859.22,395,2017,21,148,0.0
2017-05-29,518.56,888.33,801.78,1328.89,,,396,2017,22,149,0.0
2017-05-30,943.67,1090.0,1972.56,1601.44,1643.44,,397,2017,22,150,0.0
2017-05-31,508.78,1357.11,915.22,1450.44,1572.56,,398,2017,22,151,0.0
2017-06-01,678.11,1132.0,983.11,1203.78,,,399,2017,22,152,0.0
2017-06-02,663.56,1738.67,945.89,956.22,,1026.11,400,2017,22,153,0.0
2017-06-03,,1259.67,813.33,1042.22,1208.44,,401,2017,22,154,0.0
2017-06-04,833.0,1286.44,1623.56,1907.67,1495.0,,402,2017,22,155,0.0
2017-06-05,404.33,1344.0,985.89,889.67,1247.78,,403,2017,23,156,0.0
2017-06-06,,1314.78,991.44,1180.22,1564.33,688.89,404,2017,23,157,0.0
2017-06-07,806.11,1359.11,981.78,1143.78,1977.78,886.0,405,2017,23,158,0.0
2017-06-08,510.33,1106.67,873.67,980.67,1169.78,663.0,406,2017,23,159,0.0
2017-06-09,497.0,897.33,1062.89,1446.56,1120.22,,407,2017,23,160,0.0
2017-06-10,684.0,1152.44,1070.78,1393.56,1437.22,,408,2017,23,161,0.0
2017-06-11,330.67,281.33,363.22,484.22,247.67,362.33,409,2017,23,162,0.0
2017-06-12,570.33,586.44,499.67,431.89,588.44,,410,2017,24,163,0.0
2017-06-13,354.33,452.78,546.89,115.56,1548.89,,411,2017,24,164,0.0
2017-06-14,,889.44,896.0,853.89,1435.67,,412,2017,24,165,0.0
2017-06-15,782.67,1308.44,1472.56,1789.78,1568.56,,413,2017,24,166,0.0
2017-06-16,388.44,971.78,806.89,1172.22,,,414,2017,24,167,0.0
2017-06-17,699.22,1172.11,1054.67,1275.44,1773.78,,415,2017,24,168,0.0
2017-06-18,690.67,1773.78,917.33,883.56,1752.11,838.56,416,2017,24,169,0.0
2017-06-19,427.67,1195.44,843.11,,1592.67,,417,2017,25,170,0.0
2017-06-20,473.11,1301.22,1249.33,1333.22,1598.56,,418,2017,25,171,0.0
2017-06-21,427.56,1097.22,1051.33,1216.33,1415.89,,419,2017,25,172,0.0
2017-06-22,558.78,1745.0,993.56,1102.67,,653.67,420,2017,25,173,0.0
2017-06-23,858.11,1868.11,1133.33,1321.67,1872.78,1039.22,421,2017,25,174,0.0
2017-06-24,399.67,1270.67,966.0,1129.33,1586.11,604.67,422,2017,25,175,0.0
2017-06-25,596.22,1098.89,990.44,1171.78,1512.89,,423,2017,25,176,0.0
2017-06-26,512.11,1083.22,1061.0,1266.56,1137.56,672.78,424,2017,26,177,0.0
2017-06-27,498.33,1229.56,868.89,1008.0,,753.22,425,2017,26,178,0.0
2017-06-28,627.67,1606.78,1012.0,1060.11,1821.67,,426,2017,26,179,0.0
2017-06-29,751.56,,910.56,798.44,1875.22,,427,2017,26,180,0.0
2017-06-30,476.67,943.67,915.22,991.89,1481.44,,428,2017,26,181,0.0
2017-07-01,625.0,1026.0,1106.33,1399.56,1008.11,,429,2017,26,182,0.0
2017-07-02,403.11,963.22,747.0,821.44,872.56,570.78,430,2017,26,183,0.0
2017-07-03,329.22,1265.67,738.89,947.89,,671.78,431,2017,27,184,0.0
2017-07-04,,1447.22,690.0,647.56,1787.44,,432,2017,27,185,0.0
2017-07-05,536.0,830.0,904.89,696.11,1140.33,563.56,433,2017,27,186,0.0
2017-07-06,,910.89,937.44,930.0,1461.56,,434,2017,27,187,0.0
2017-07-07,399.33,1128.11,800.67,1009.33,,,435,2017,27,188,0.0
2017-07-08,615.67,1113.89,972.11,889.11,,692.67,436,2017,27,189,0.0
2017-07-09,563.89,1402.78,808.56,907.11,1802.0,,437,2017,27,190,0.0
2017-07-10,454.22,921.89,706.56,650.56,,,438,2017,28,191,0.0
2017-07-11,,783.78,807.56,763.78,1145.67,,439,2017,28,192,0.0
2017-07-12,448.56,1015.33,1118.33,1233.67,1232.11,591.0,440,2017,28,193,0.0
2017-07-13,446.22,1323.33,825.22,994.22,1447.22,,441,2017,28,194,0.0
2017-07-14,832.22,1973.56,1066.33,1102.22,,,442,2017,28,195,0.0
2017-07-15,525.0,1430.89,992.78,818.11,,,443,2017,28,196,0.0
2017-07-16,352.67,1138.22,805.67,957.56,1084.22,,444,2017,28,197,0.0
2017-07-17,364.22,423.0,452.22,567.44,510.44,,445,2017,29,198,0.0
2017-07-18,415.44,902.22,930.0,930.11,1516.22,,446,2017,29,199,0.0
2017-07-19,,686.22,806.11,510.67,740.0,754.0,447,2017,29,200,0.0
2017-07-20,345.56,204.67,593.0,687.78,1570.89,600.0,448,2017,29,201,0.0
2017-07-21,164.11,183.67,242.44,180.22,206.0,270.44,449,2017,29,202,0.0
2017-07-22,430.78,364.67,713.78,918.67,798.33,,450,2017,29,203,0.0
2017-07-23,508.33,1222.11,922.78,954.22,1170.33,,451,2017,29,204,0.0
2017-07-24,479.33,1104.0,807.56,582.11,1173.22,,452,2017,30,205,0.0
2017-07-25,634.44,1669.11,982.44,918.11,,,453,2017,30,206,0.0
2017-07-26,407.89,918.56,783.44,739.89,1138.67,512.78,454,2017,30,207,0.0
2017-07-27,478.11,765.22,982.89,881.33,1101.89,,455,2017,30,208,0.0
2017-07-28,578.78,1047.44,916.22,1187.11,,692.78,456,2017,30,209,0.0
2017-07-29,211.78,960.22,315.78,954.22,521.44,,457,2017,30,210,0.0
2017-07-30,,117.33,335.78,570.0,,214.22,458,2017,30,211,0.0
2017-07-31,545.33,58.56,766.89,710.67,1006.78,,459,2017,31,212,0.0
2017-08-01,444.67,865.67,854.0,1033.89,,,460,2017,31,213,0.0
2017-08-02,542.33,1228.11,1218.33,1314.78,1308.33,,461,2017,31,214,0.0
2017-08-03,,1142.44,,1158.78,1611.44,502.89,462,2017,31,215,0.0
2017-08-04,,1494.67,779.67,757.56,967.0,,463,2017,31,216,0.0
2017-08-05,,671.0,745.22,601.22,851.11,,464,2017,31,217,0.0
2017-08-06,369.67,977.0,589.78,818.0,630.67,,465,2017,31,218,0.0
2017-08-07,543.89,583.78,799.56,751.78,,455.89,466,2017,32,219,0.0
2017-08-08,353.44,306.44,398.0,323.67,370.0,282.78,467,2017,32,220,0.0
2017-08-09,,661.44,500.67,601.33,1056.44,,468,2017,32,221,0.0
2017-08-10,940.33,1627.89,896.56,967.78,971.56,,469,2017,32,222,0.0
2017-08-11,514.22,875.22,826.67,823.89,1106.67,640.78,470,2017,32,223,0.0
2017-08-12,510.11,815.44,937.78,961.44,1001.0,,471,2017,32,224,0.0
2017-08-13,,1120.67,864.33,1270.89,948.33,670.67,472,2017,32,225,0.0
2017-08-14,,840.11,722.78,871.22,579.33,,473,2017,33,226,0.0
2017-08-15,527.89,1320.33,667.11,641.78,1102.33,609.78,474,2017,33,227,0.0
2017-08-16,611.67,1221.22,788.67,707.33,1351.11,627.78,475,2017,33,228,0.0
2017-08-17,,1155.11,920.11,1070.11,,557.67,476,2017,33,229,0.0
2017-08-18,751.22,1129.11,1219.11,1316.22,1208.78,476.89,477,2017,33,230,0.0
2017-08-19,,1076.67,807.78,657.22,1130.89,590.89,478,2017,33,231,0.0
2017-08-20,599.44,1520.22,753.0,1011.56,762.67,,479,2017,33,232,0.0
2017-08-21,,879.78,675.33,604.44,1143.0,656.67,480,2017,34,233,0.0
2017-08-22,,1076.89,793.44,798.33,1226.22,555.33,481,2017,34,234,0.0
2017-08-23,670.89,978.56,1364.89,1264.22,,525.67,482,2017,34,235,0.0
2017-08-24,521.67,303.11,835.89,804.67,,148.44,483,2017,34,236,0.0
2017-08-25,590.44,1564.33,920.22,945.56,1356.33,663.33,484,2017,34,237,0.0
2017-08-26,727.44,1959.78,1010.11,1060.67,1538.56,1114.22,485,2017,34,238,0.0
2017-08-27,441.44,1114.11,783.44,927.78,1299.22,,486,2017,34,239,0.0
2017-08-28,456.22,1000.44,1114.0,1081.33,1174.56,,487,2017,35,240,0.0
2017-08-29,524.22,1192.22,837.0,640.0,1417.44,595.33,488,2017,35,241,0.0
2017-08-30,,783.11,820.44,861.0,588.67,,489,2017,35,242,0.0
2017-08-31,241.33,65.11,242.33,921.22,172.44,,490,2017,35,243,0.0
2017-09-01,577.67,1173.56,840.89,720.22,1293.44,,491,2017,35,244,0.0
2017-09-02,410.0,987.22,876.67,983.33,1071.78,,492,2017,35,245,0.0
2017-09-03,669.11,937.0,1003.22,1020.56,,534.67,493,2017,35,246,0.0
2017-09-04,365.78,1217.11,767.11,860.11,957.56,,494,2017,36,247,0.0
2017-09-05,457.0,1237.0,850.67,962.56,,,495,2017,36,248,0.0
2017-09-06,486.11,1313.44,774.44,684.11,1930.33,730.78,496,2017,36,249,0.0
2017-09-07,,696.0,880.78,780.44,1166.22,,497,2017,36,250,0.0
2017-09-08,660.89,766.33,1649.22,1590.89,1087.67,,498,2017,36,251,0.0
2017-09-09,255.22,205.44,294.89,406.67,324.56,,499,2017,36,252,0.0
2017-09-10,441.44,1299.33,893.0,867.33,,,500,2017,36,253,0.0
2017-09-11,770.22,1335.44,766.33,984.78,1262.78,,501,2017,37,254,0.0
2017-09-12,402.33,979.44,731.78,813.11,,588.67,502,2017,37,255,0.0
2017-09-13,405.78,1079.56,895.56,1010.0,1558.89,554.22,503,2017,37,256,0.0
2017-09-14,,,,,,,504,2017,37,257,0.0
2017-09-15,499.33,274.56,694.67,699.33,847.78,,505,2017,37,258,0.0
2017-09-16,414.22,364.11,516.78,719.56,,122.0,506,2017,37,259,0.0
2017-09-17,394.67,369.33,650.89,570.44,734.33,,507,2017,37,260,0.0
2017-09-18,,704.33,756.56,483.33,708.78,,508,2017,38,261,0.0
2017-09-19,539.22,1161.44,954.78,907.78,1085.67,597.33,509,2017,38,262,0.0
2017-09-20,437.11,1281.33,860.67,832.67,1099.89,,510,2017,38,263,0.0
2017-09-21,427.89,1030.0,788.56,796.11,1586.11,,511,2017,38,264,0.0
2017-09-22,478.67,1126.44,712.33,539.78,1725.11,,512,2017,38,265,0.0
2017-09-23,445.11,1142.0,736.56,841.89,,552.0,513,2017,38,266,0.0
2017-09-24,,511.89,611.0,433.0,771.11,,514,2017,38,267,0.0
2017-09-25,,,,,,,515,2017,39,268,0.0
2017-09-26,510.67,1265.78,882.33,800.67,1746.67,611.89,516,2017,39,269,0.0
2017-09-27,330.22,1369.44,179.78,1029.89,530.22,,517,2017,39,270,0.0
2017-09-28,431.33,1143.56,739.33,906.22,,609.0,518,2017,39,271,0.0
2017-09-29,455.56,1082.67,1024.56,1188.78,1182.33,,519,2017,39,272,0.0
2017-09-30,441.33,937.33,1093.67,1177.89,828.56,,520,2017,39,273,0.0
2017-10-01,412.67,1011.0,836.67,929.22,,578.33,521,2017,39,274,0.0
2017-10-02,668.11,1309.33,907.22,1039.44,1080.89,869.22,522,2017,40,275,0.0
2017-10-03,494.11,1516.33,811.22,713.11,,,523,2017,40,276,0.0
2017-10-04,385.78,1105.11,916.0,1025.67,1585.33,,524,2017,40,277,0.0
2017-10-05,763.33,845.44,1069.0,1586.22,,566.0,525,2017,40,278,0.0
2017-10-06,,987.67,808.33,1088.33,1447.89,,526,2017,40,279,0.0
2017-10-07,,1111.33,,,,,527,2017,40,280,0.0
2017-10-08,,,,,,820.33,528,2017,40,281,0.0
2017-10-09,,447.67,796.0,799.44,658.0,,529,2017,41,282,0.0
2017-10-10,840.22,883.44,1598.0,1459.56,,646.44,530,2017,41,283,0.0
2017-10-11,566.56,1213.56,1064.56,866.89,,710.89,531,2017,41,284,0.0
2017-10-12,535.78,1458.33,887.67,1101.33,1512.33,,532,2017,41,285,0.0
2017-10-13,528.67,1548.22,908.11,1042.44,1780.11,,533,2017,41,286,0.0
2017-10-14,544.11,629.22,905.33,,,,534,2017,41,287,0.0
2017-10-15,,,,,,,535,2017,41,288,0.0
2017-10-16,,1224.78,866.89,1299.33,1527.78,,536,2017,42,289,0.0
2017-10-17,,973.89,915.11,968.44,1562.33,,537,2017,42,290,0.0
2017-10-18,,1461.44,979.67,859.78,1358.67,,538,2017,42,291,0.0
2017-10-19,556.33,1579.22,826.22,754.22,1746.33,,539,2017,42,292,0.0
2017-10-20,,1191.56,976.78,958.89,1453.44,,540,2017,42,293,0.0
2017-10-21,829.0,1099.78,1488.78,622.22,1186.89,,541,2017,42,294,0.0
2017-10-22,313.89,1254.22,815.89,1104.33,1397.44,,542,2017,42,295,0.0
2017-10-23,,1419.0,814.67,1000.67,1122.33,,543,2017,43,296,0.0
2017-10-24,604.67,1460.89,738.56,665.22,1457.11,,544,2017,43,297,0.0
2017-10-25,447.11,1225.89,855.22,1025.22,1213.89,624.11,545,2017,43,298,0.0
2017-10-26,565.33,1181.67,1438.33,1295.67,1513.78,,546,2017,43,299,0.0
2017-10-27,572.11,997.89,999.56,,1046.89,658.78,547,2017,43,300,0.0
2017-10-28,,,,,,,548,2017,43,301,0.0
2017-10-29,768.22,1429.44,859.0,,,804.22,549,2017,43,302,0.0
2017-10-30,,,,,,,550,2017,44,303,0.0
2017-10-31,,,,,,,551,2017,44,304,0.0
2018-05-01,620.56,,1157.11,1300.33,1045.22,,552,2018,18,121,0.0
2018-05-02,421.0,901.33,865.44,999.44,981.44,,553,2018,18,122,0.0
2018-05-03,448.56,1044.0,867.56,1101.78,1129.78,,554,2018,18,123,0.0
2018-05-04,,1412.33,803.89,788.56,,679.89,555,2018,18,124,0.0
2018-05-05,416.0,1260.78,1058.78,1010.22,1038.11,624.67,556,2018,18,125,0.0
2018-05-06,,,,,,,557,2018,18,126,0.0
2018-05-07,416.0,1032.89,975.11,1200.11,1248.78,,558,2018,19,127,0.0
2018-05-08,,,461.56,1183.44,690.78,,559,2018,19,128,0.0
2018-05-09,742.22,1330.67,929.0,1167.78,1735.11,,560,2018,19,129,0.0
2018-05-10,490.0,1169.11,852.78,870.89,1058.44,658.78,561,2018,19,130,0.0
2018-05-11,,1008.11,,885.0,,,562,2018,19,131,0.0
2018-05-12,,,,,,,563,2018,19,132,0.0
2018-05-13,430.56,928.22,794.22,1029.67,,594.78,564,2018,19,133,0.0
2018-05-14,471.44,977.67,797.56,709.0,1335.0,690.22,565,2018,20,134,0.0
2018-05-15,,1323.44,836.89,792.44,1786.67,689.67,566,2018,20,135,0.0
2018-05-16,456.78,989.56,971.22,956.33,1140.0,708.33,567,2018,20,136,0.0
2018-05-17,644.0,1181.89,1342.78,1652.89,1602.89,,568,2018,20,137,0.0
2018-05-18,448.0,,848.67,1214.67,,520.22,569,2018,20,138,0.0
2018-05-19,513.67,861.33,791.0,1058.67,1032.11,,570,2018,20,139,0.0
2018-05-20,,1198.44,,747.33,,,571,2018,20,140,0.0
2018-05-21,,,,,,,572,2018,21,141,0.0
2018-05-22,,,,,,,573,2018,21,142,0.0
2018-05-23,539.11,1190.67,936.89,,,,574,2018,21,143,0.0
2018-05-24,520.56,,823.22,1029.11,,574.78,575,2018,21,144,0.0
2018-05-25,531.33,783.56,,971.22,,,576,2018,21,145,0.0
2018-05-26,431.0,472.44,599.11,545.33,,,577,2018,21,146,0.0
2018-05-27,480.78,809.89,721.0,,,605.33,578,2018,21,147,0.0
2018-05-28,,395.11,332.78,1018.56,533.67,,579,2018,22,148,0.0
2018-05-29,,1201.0,,898.56,288.89,,580,2018,22,149,0.0
2018-05-30,470.0,1620.11,813.11,1456.11,1891.11,,581,2018,22,150,0.0
2018-05-31,602.78,1367.89,867.78,1023.89,1698.33,804.56,582,2018,22,151,0.0
2018-06-01,,927.44,814.89,1142.11,,,583,2018,22,152,0.0
2018-06-02,692.22,1202.0,1396.11,,1252.33,,584,2018,22,153,0.0
2018-06-03,517.56,924.11,997.67,1388.44,1239.78,650.89,585,2018,22,154,0.0
2018-06-04,533.11,1047.78,806.67,750.11,1110.56,640.89,586,2018,23,155,0.0
2018-06-05,534.0,1350.44,773.44,828.89,,735.67,587,2018,23,156,0.0
2018-06-06,426.0,1008.33,910.78,1202.67,1213.44,,588,2018,23,157,0.0
2018-06-07,,928.89,1105.0,,1120.78,,589,2018,23,158,0.0
2018-06-08,449.78,1156.11,1014.0,1350.78,1062.44,567.11,590,2018,23,159,0.0
2018-06-09,522.44,1368.78,940.44,1760.67,,705.33,591,2018,23,160,0.0
2018-06-10,609.11,1575.56,980.67,1381.0,1833.44,,592,2018,23,161,0.0
2018-06-11,,895.89,723.0,,890.78,602.56,593,2018,24,162,0.0
2018-06-12,,1081.0,1021.56,1286.78,1313.67,,594,2018,24,163,0.0
2018-06-13,,,,,,,595,2018,24,164,0.0
2018-06-14,261.44,783.89,238.44,1097.0,,414.78,596,2018,24,165,0.0
2018-06-15,635.44,1550.33,953.33,1075.44,,719.11,597,2018,24,166,0.0
2018-06-16,470.44,1394.0,810.67,845.67,1831.89,,598,2018,24,167,0.0
2018-06-17,470.44,,1087.56,1165.33,884.67,,599,2018,24,168,0.0
2018-06-18,697.56,1048.22,1362.89,1608.22,1339.67,,600,2018,25,169,0.0
2018-06-19,402.67,1098.33,788.67,1111.33,1278.0,572.0,601,2018,25,170,0.0
2018-06-20,795.78,1494.78,915.33,1158.22,1921.22,,602,2018,25,171,0.0
2018-06-21,73.11,1701.56,337.33,173.89,93.56,,603,2018,25,172,0.0
2018-06-22,415.11,1278.78,882.33,1149.89,1840.44,,604,2018,25,173,0.0
2018-06-23,,1240.0,,,1891.78,,605,2018,25,174,0.0
2018-06-24,,564.78,666.44,1176.44,1000.22,,606,2018,25,175,0.0
2018-06-25,525.67,854.89,872.89,1007.44,1301.0,813.89,607,2018,26,176,0.0
2018-06-26,815.67,1704.78,918.44,951.67,1752.44,,608,2018,26,177,0.0
2018-06-27,460.44,1013.11,887.11,901.78,,503.89,609,2018,26,178,0.0
2018-06-28,386.11,1023.44,1015.22,1251.89,1458.11,564.67,610,2018,26,179,0.0
2018-06-29,350.89,279.11,,1403.0,,,611,2018,26,180,0.0
2018-06-30,508.0,165.11,904.33,,1108.33,,612,2018,26,181,0.0
2018-07-01,321.44,1160.33,415.67,515.78,254.67,,613,2018,26,182,0.0
2018-07-02,378.33,859.0,535.22,563.33,,,614,2018,27,183,0.0
2018-07-03,479.67,589.0,885.67,994.11,1389.67,593.44,615,2018,27,184,0.0
2018-07-04,739.67,1113.0,1283.78,1251.44,,,616,2018,27,185,0.0
2018-07-05,447.44,1263.44,815.33,1036.33,1216.33,530.67,617,2018,27,186,0.0
2018-07-06,572.67,1531.33,1032.22,1082.11,1851.0,,618,2018,27,187,0.0
2018-07-07,526.89,1862.67,831.22,818.78,1903.56,1018.78,619,2018,27,188,0.0
2018-07-08,456.0,1102.0,906.0,932.11,1636.44,654.44,620,2018,27,189,0.0
2018-07-09,499.89,1100.11,1203.78,1976.44,1639.56,,621,2018,28,190,0.0
2018-07-10,410.44,1260.33,980.78,1083.89,,,622,2018,28,191,0.0
2018-07-11,427.0,1227.22,462.56,931.11,,618.67,623,2018,28,192,0.0
2018-07-12,857.89,989.22,995.0,1134.33,,486.0,624,2018,28,193,0.0
2018-07-13,507.0,1256.67,836.11,910.89,1079.44,,625,2018,28,194,0.0
2018-07-14,533.11,849.56,1102.78,1260.11,1010.33,,626,2018,28,195,0.0
2018-07-15,527.56,1134.56,923.67,1196.44,1093.11,567.89,627,2018,28,196,0.0
2018-07-16,400.67,1171.78,791.56,1045.56,1631.0,590.44,628,2018,29,197,0.0
2018-07-17,645.0,1306.56,889.22,1096.0,1778.0,632.78,629,2018,29,198,0.0
2018-07-18,554.0,1798.33,860.56,784.11,1947.44,,630,2018,29,199,0.0
2018-07-19,,,,,,,631,2018,29,200,0.0
2018-07-20,764.22,1055.89,1908.11,1480.78,1571.33,632.44,632,2018,29,201,0.0
2018-07-21,475.89,921.67,929.89,972.44,1286.67,,633,2018,29,202,0.0
2018-07-22,455.0,1494.11,796.89,965.78,1839.22,614.56,634,2018,29,203,0.0
2018-07-23,540.0,1545.56,764.0,549.56,1691.78,574.0,635,2018,30,204,0.0
2018-07-24,424.89,1018.44,901.0,977.67,1495.0,628.11,636,2018,30,205,0.0
2018-07-25,689.44,1165.67,988.56,1825.22,1444.33,,637,2018,30,206,0.0
2018-07-26,509.89,817.56,867.89,896.56,1873.67,554.67,638,2018,30,207,0.0
2018-07-27,,,,,,,639,2018,30,208,0.0
2018-07-28,,1473.44,,,,,640,2018,30,209,0.0
2018-07-29,415.89,937.33,816.44,854.22,923.44,,641,2018,30,210,0.0
2018-07-30,552.44,220.78,1097.78,740.67,1500.44,,642,2018,31,211,0.0
2018-07-31,501.44,1215.22,827.56,999.22,1322.78,,643,2018,31,212,0.0
2018-08-01,573.78,714.67,619.56,619.11,641.11,,644,2018,31,213,0.0
2018-08-02,585.67,1382.0,826.22,779.56,1832.56,772.44,645,2018,31,214,0.0
2018-08-03,496.89,1144.33,793.33,734.44,,598.11,646,2018,31,215,0.0
2018-08-04,378.22,540.89,765.11,852.44,921.89,390.33,647,2018,31,216,0.0
2018-08-05,681.89,1079.33,1108.22,980.89,,,648,2018,31,217,0.0
2018-08-06,427.56,972.89,844.0,942.0,,470.0,649,2018,32,218,0.0
2018-08-07,533.44,1170.56,835.67,968.78,1530.0,,650,2018,32,219,0.0
2018-08-08,675.22,1510.0,771.33,604.33,,675.89,651,2018,32,220,0.0
2018-08-09,338.11,1096.56,760.44,1033.89,,,652,2018,32,221,0.0
2018-08-10,455.33,816.89,1044.22,1299.0,,627.22,653,2018,32,222,0.0
2018-08-11,,1017.44,939.0,1156.33,1180.78,508.22,654,2018,32,223,0.0
2018-08-12,427.0,1430.89,813.22,1013.67,1264.89,,655,2018,32,224,0.0
2018-08-13,764.44,1522.67,941.0,1058.33,,743.11,656,2018,33,225,0.0
2018-08-14,412.0,1106.22,792.33,923.89,,,657,2018,33,226,0.0
2018-08-15,431.33,1017.0,849.89,1066.22,1148.44,,658,2018,33,227,0.0
2018-08-16,466.67,969.56,893.89,1236.56,1339.89,,659,2018,33,228,0.0
2018-08-17,501.22,1488.67,956.33,1085.56,1542.22,,660,2018,33,229,0.0
2018-08-18,702.33,1525.67,994.78,692.44,,715.89,661,2018,33,230,0.0
2018-08-19,686.22,330.56,829.89,881.78,1494.33,769.89,662,2018,33,231,0.0
2018-08-20,461.56,739.22,784.11,1001.67,914.0,,663,2018,34,232,0.0
2018-08-21,,1057.89,884.33,949.22,1617.0,,664,2018,34,233,0.0
2018-08-22,409.44,914.33,718.11,778.33,961.78,561.56,665,2018,34,234,0.0
2018-08-23,565.67,1265.89,836.22,1047.89,1404.22,,666,2018,34,235,0.0
2018-08-24,579.44,1432.67,869.11,748.67,,,667,2018,34,236,0.0
2018-08-25,450.78,1194.44,835.0,914.56,873.89,,668,2018,34,237,0.0
2018-08-26,445.89,738.44,989.67,1695.67,912.56,,669,2018,34,238,0.0
2018-08-27,,,489.33,866.78,730.44,493.22,670,2018,35,239,0.0
2018-08-28,419.78,178.44,831.44,841.56,1331.22,,671,2018,35,240,0.0
2018-08-29,,708.11,404.22,309.89,,306.67,672,2018,35,241,0.0
2018-08-30,444.22,638.33,779.89,495.22,808.78,,673,2018,35,242,0.0
2018-08-31,397.44,293.56,583.89,344.56,740.0,,674,2018,35,243,0.0
2018-09-01,449.11,481.0,759.78,658.78,894.89,660.33,675,2018,35,244,0.0
2018-09-02,321.67,840.56,719.0,943.56,984.11,,676,2018,35,245,0.0
2018-09-03,445.67,1815.89,776.11,1133.0,,,677,2018,36,246,0.0
2018-09-04,488.33,1436.56,755.33,762.0,,,678,2018,36,247,0.0
2018-09-05,375.89,1064.11,,1008.44,,,679,2018,36,248,0.0
2018-09-06,664.11,884.44,970.22,1543.22,,577.56,680,2018,36,249,0.0
2018-09-07,425.78,,527.78,680.89,703.33,,681,2018,36,250,0.0
2018-09-08,546.11,1209.67,904.33,980.22,,,682,2018,36,251,0.0
2018-09-09,552.89,661.0,748.44,,1328.67,,683,2018,36,252,0.0
2018-09-10,386.67,1169.67,796.56,627.78,,537.0,684,2018,37,253,0.0
2018-09-11,665.67,1099.89,1097.89,1272.89,1301.89,,685,2018,37,254,0.0
2018-09-12,,,,,,,686,2018,37,255,0.0
2018-09-13,398.11,,562.78,439.11,407.89,,687,2018,37,256,0.0
2018-09-14,,1794.33,,,,,688,2018,37,257,0.0
2018-09-15,353.67,1071.22,588.33,855.22,,,689,2018,37,258,0.0
2018-09-16,418.22,1050.89,954.67,900.22,,549.22,690,2018,37,259,0.0
2018-09-17,368.11,1035.33,260.89,208.0,,338.33,691,2018,38,260,0.0
2018-09-18,413.11,395.56,574.89,767.22,,330.89,692,2018,38,261,0.0
2018-09-19,541.33,1619.56,,952.11,,,693,2018,38,262,0.0
2018-09-20,488.56,1515.11,693.89,625.11,1204.33,608.67,694,2018,38,263,0.0
2018-09-21,371.56,1161.0,786.0,805.78,1375.33,572.0,695,2018,38,264,0.0
2018-09-22,538.33,1139.89,1040.89,1215.33,1313.56,804.56,696,2018,38,265,0.0
2018-09-23,,590.89,667.44,780.33,1441.33,,697,2018,38,266,0.0
2018-09-24,479.33,303.44,701.33,594.78,576.56,,698,2018,39,267,0.0
2018-09-25,214.11,378.89,442.44,269.0,206.56,,699,2018,39,268,0.0
2018-09-26,486.67,630.33,859.22,654.0,1127.22,,700,2018,39,269,0.0
2018-09-27,609.0,1056.89,979.33,1276.56,1291.22,,701,2018,39,270,0.0
2018-09-28,379.44,1038.56,870.67,1165.22,1411.44,,702,2018,39,271,0.0
2018-09-29,,1072.11,796.22,,1902.22,,703,2018,39,272,0.0
2018-09-30,525.56,1334.44,719.22,,1825.44,631.33,704,2018,39,273,0.0
2018-10-01,,,,,,,705,2018,40,274,0.0
2018-10-02,369.33,1323.78,831.22,1155.89,1770.67,,706,2018,40,275,0.0
2018-10-03,430.22,1247.44,876.89,998.11,1558.33,,707,2018,40,276,0.0
2018-10-04,,,,,,,708,2018,40,277,0.0
2018-10-05,,,,,,,709,2018,40,278,0.0
2018-10-06,513.11,,762.22,700.67,,,710,2018,40,279,0.0
2018-10-07,,,,,,,711,2018,40,280,0.0
2018-10-08,744.33,1106.89,860.11,1190.11,1135.56,,712,2018,41,281,0.0
2018-10-09,,1114.0,778.89,628.89,1390.89,,713,2018,41,282,0.0
2018-10-10,,967.0,691.78,505.89,,672.56,714,2018,41,283,0.0
2018-10-11,,,,,,,715,2018,41,284,0.0
2018-10-12,,871.22,730.33,775.11,1278.11,,716,2018,41,285,0.0
2018-10-13,543.89,1276.44,1175.67,1495.67,1454.78,,717,2018,41,286,0.0
2018-10-14,405.44,931.78,760.11,906.56,1205.56,,718,2018,41,287,0.0
2018-10-15,462.78,1048.22,722.0,783.11,,599.22,719,2018,42,288,0.0
2018-10-16,,,,,,,720,2018,42,289,0.0
2018-10-17,,584.11,622.22,507.0,867.44,,721,2018,42,290,0.0
2018-10-18,456.78,851.78,854.56,923.56,1372.33,,722,2018,42,291,0.0
2018-10-19,,1133.33,,,,,723,2018,42,292,0.0
2018-10-20,,,758.78,,775.11,,724,2018,42,293,0.0
2018-10-21,537.44,1290.33,766.56,796.11,1773.44,682.56,725,2018,42,294,0.0
2018-10-22,383.67,1341.44,663.44,685.0,1654.0,696.33,726,2018,43,295,0.0
2018-10-23,,,,909.33,1110.33,,727,2018,43,296,0.0
2018-10-24,,,,,,,728,2018,43,297,0.0
2018-10-25,386.22,,937.11,1086.11,1122.33,,729,2018,43,298,0.0
2018-10-26,,918.22,,,,637.89,730,2018,43,299,0.0
2018-10-27,,,653.89,922.22,,933.89,731,2018,43,300,0.0
2018-10-28,454.56,1357.67,1038.11,1021.44,1669.44,,732,2018,43,301,0.0
2018-10-29,1074.78,1178.33,1340.22,1442.22,1875.0,,733,2018,44,302,0.0
2018-10-30,449.22,1164.67,964.67,1247.44,1759.67,,734,2018,44,303,0.0
2018-10-31,,1335.56,1031.78,,1749.78,,735,2018,44,304,0.0
2019-05-01,,,662.56,656.44,,616.22,736,2019,18,121,0.0
2019-05-02,,,,,,,737,2019,18,122,0.0
2019-05-03,564.78,1029.89,1217.78,1255.89,1648.78,,738,2019,18,123,0.0
2019-05-04,914.78,1168.11,1645.22,1455.11,1603.11,,739,2019,18,124,0.0
2019-05-05,353.78,1053.89,908.44,1108.11,1263.0,599.11,740,2019,18,125,0.0
2019-05-06,734.33,264.33,972.67,775.67,1837.67,819.22,741,2019,19,126,0.0
2019-05-07,,193.56,860.78,344.89,801.33,901.0,742,2019,19,127,0.0
2019-05-08,,,,,,,743,2019,19,128,0.0
2019-05-09,797.11,1059.56,1801.22,1495.78,,852.78,744,2019,19,129,0.0
2019-05-10,672.22,768.0,1185.89,1294.0,1355.22,,745,2019,19,130,0.0
2019-05-11,543.56,1622.0,1029.67,1318.44,,724.22,746,2019,19,131,0.0
2019-05-12,,1750.11,1071.78,1210.33,1916.33,1105.67,747,2019,19,132,0.0
2019-05-13,468.56,1539.0,1104.56,1164.33,,,748,2019,20,133,0.0
2019-05-14,502.67,1046.56,1154.78,1317.44,,859.33,749,2019,20,134,0.0
2019-05-15,,1155.78,909.44,1138.22,1552.11,,750,2019,20,135,0.0
2019-05-16,571.89,1268.33,947.44,1190.33,,,751,2019,20,136,0.0
2019-05-17,,,,,,,752,2019,20,137,0.0
2019-05-18,661.22,,1101.11,1062.11,,1100.22,753,2019,20,138,0.0
2019-05-19,449.11,1241.56,912.44,1336.89,,844.22,754,2019,20,139,0.0
2019-05-20,876.89,1147.22,1635.89,1429.0,1500.67,,755,2019,21,140,0.0
2019-05-21,535.78,1146.11,919.33,1047.78,,728.67,756,2019,21,141,0.0
2019-05-22,,,,,,,757,2019,21,142,0.0
2019-05-23,422.22,886.78,540.22,495.44,,577.0,758,2019,21,143,0.0
2019-05-24,,,,,,,759,2019,21,144,0.0
2019-05-25,477.89,955.44,1043.89,1769.78,1159.67,,760,2019,21,145,0.0
2019-05-26,,,,,,,761,2019,21,146,0.0
2019-05-27,502.44,295.0,541.0,477.56,587.89,331.89,762,2019,22,147,0.0
2019-05-28,693.22,1351.44,965.78,1285.89,,,763,2019,22,148,0.0
2019-05-29,,1090.33,981.22,1260.67,,,764,2019,22,149,0.0
2019-05-30,453.11,928.67,1009.89,1388.56,1498.78,661.67,765,2019,22,150,0.0
2019-05-31,500.67,1122.78,990.56,1695.11,1790.11,849.22,766,2019,22,151,0.0
2019-06-01,399.0,1352.44,957.67,1020.67,1700.33,722.0,767,2019,22,152,0.0
2019-06-02,472.67,1284.56,864.22,1031.44,,611.89,768,2019,22,153,0.0
2019-06-03,561.22,1324.67,820.44,785.11,,,769,2019,23,154,0.0
2019-06-04,,,,,,,770,2019,23,155,0.0
2019-06-05,,,,,,,771,2019,23,156,0.0
2019-06-06,560.78,1127.44,960.56,1028.44,,,772,2019,23,157,0.0
2019-06-07,561.33,1203.22,947.44,915.89,1691.11,,773,2019,23,158,0.0
2019-06-08,,1144.11,627.67,593.33,1484.56,674.44,774,2019,23,159,0.0
2019-06-09,403.56,1263.22,932.89,1139.67,1294.56,,775,2019,23,160,0.0
2019-06-10,703.78,1213.78,1593.89,992.67,,788.67,776,2019,24,161,0.0
2019-06-11,,1103.67,950.11,1141.33,1643.0,864.33,777,2019,24,162,0.0
2019-06-12,,1053.22,943.56,1063.56,1528.89,693.44,778,2019,24,163,0.0
2019-06-13,1344.56,1609.67,989.22,1039.78,,,779,2019,24,164,0.0
2019-06-14,572.78,1146.22,840.22,894.89,1279.0,,780,2019,24,165,0.0
2019-06-15,671.33,1330.67,1203.89,842.78,1237.67,,781,2019,24,166,0.0
2019-06-16,525.78,1405.22,1079.78,1182.89,1478.0,,782,2019,24,167,0.0
2019-06-17,507.89,1103.0,898.0,983.22,1460.56,570.56,783,2019,25,168,0.0
2019-06-18,572.89,,931.44,1072.22,,,784,2019,25,169,0.0
2019-06-19,769.56,1673.56,890.78,878.44,1857.78,820.67,785,2019,25,170,0.0
2019-06-20,432.89,1341.22,1009.0,1350.11,,,786,2019,25,171,0.0
2019-06-21,864.0,1355.33,1337.22,1379.33,1919.33,,787,2019,25,172,0.0
2019-06-22,487.33,1181.33,895.22,994.0,1708.33,,788,2019,25,173,0.0
2019-06-23,679.22,1382.89,1009.0,756.0,1579.56,,789,2019,25,174,0.0
2019-06-24,688.78,1991.11,871.78,844.89,,,790,2019,26,175,0.0
2019-06-25,486.33,1303.56,950.33,1080.44,1599.11,,791,2019,26,176,0.0
2019-06-26,1018.22,1330.89,1450.67,1668.89,1651.33,,792,2019,26,177,0.0
2019-06-27,,1108.67,505.89,1076.0,410.78,,793,2019,26,178,0.0
2019-06-28,636.33,1544.78,965.56,1009.11,,573.11,794,2019,26,179,0.0
2019-06-29,328.67,230.67,423.78,536.22,326.78,585.67,795,2019,26,180,0.0
2019-06-30,503.0,970.44,790.22,550.33,851.0,,796,2019,26,181,0.0
2019-07-01,505.78,1071.0,1032.0,1386.78,1467.78,,797,2019,27,182,0.0
2019-07-02,264.0,1222.56,883.33,1241.89,,,798,2019,27,183,0.0
2019-07-03,447.67,1223.11,902.11,999.78,1301.78,,799,2019,27,184,0.0
2019-07-04,787.44,1655.11,1022.89,1078.78,,553.44,800,2019,27,185,0.0
2019-07-05,692.44,,915.67,961.78,,664.33,801,2019,27,186,0.0
2019-07-06,509.0,1358.67,968.0,1208.22,1397.44,,802,2019,27,187,0.0
2019-07-07,647.89,1004.0,1399.78,1274.67,1175.56,,803,2019,27,188,0.0
2019-07-08,440.78,983.33,919.44,1025.0,1362.89,,804,2019,28,189,0.0
2019-07-09,,439.0,806.44,625.67,,390.0,805,2019,28,190,0.0
2019-07-10,,1827.0,752.22,718.78,1644.78,753.89,806,2019,28,191,0.0
2019-07-11,484.33,1148.78,961.33,932.22,1541.0,,807,2019,28,192,0.0
2019-07-12,,,,,,,808,2019,28,193,0.0
2019-07-13,643.22,1303.89,957.33,1176.0,,814.78,809,2019,28,194,0.0
2019-07-14,633.89,1355.0,1008.78,971.89,1358.33,,810,2019,28,195,0.0
2019-07-15,,1682.0,,,,,811,2019,29,196,0.0
2019-07-16,475.89,679.56,730.0,630.0,1032.22,525.11,812,2019,29,197,0.0
2019-07-17,,199.67,814.89,954.22,1624.11,,813,2019,29,198,0.0
2019-07-18,459.22,883.0,911.11,1131.89,1223.22,592.56,814,2019,29,199,0.0
2019-07-19,568.78,663.56,701.89,414.0,1538.89,,815,2019,29,200,0.0
2019-07-20,664.0,1844.0,978.56,1041.89,1286.56,705.56,816,2019,29,201,0.0
2019-07-21,613.78,,966.33,834.22,1379.22,801.11,817,2019,29,202,0.0
2019-07-22,465.56,956.56,1045.11,1179.89,1306.56,,818,2019,30,203,0.0
2019-07-23,764.44,1001.89,1631.78,1199.89,,708.22,819,2019,30,204,0.0
2019-07-24,570.78,1459.44,1033.22,1004.78,1567.89,504.67,820,2019,30,205,0.0
2019-07-25,560.22,754.11,654.67,554.11,848.56,,821,2019,30,206,0.0
2019-07-26,,992.0,681.67,753.67,514.22,,822,2019,30,207,0.0
2019-07-27,447.67,1128.78,984.0,952.0,1264.22,,823,2019,30,208,0.0
2019-07-28,737.22,886.56,1659.89,1431.33,1576.22,,824,2019,30,209,0.0
2019-07-29,467.67,1115.33,899.0,1125.78,1552.33,,825,2019,31,210,0.0
2019-07-30,,1367.22,841.78,709.89,1368.56,548.0,826,2019,31,211,0.0
2019-07-31,,641.78,590.89,780.0,,555.44,827,2019,31,212,0.0
2019-08-01,,1250.89,830.89,1068.56,1206.67,568.56,828,2019,31,213,0.0
2019-08-02,482.44,1183.78,967.0,1269.89,1378.0,,829,2019,31,214,0.0
2019-08-03,482.56,1022.78,964.0,1171.44,1255.44,,830,2019,31,215,0.0
2019-08-04,537.44,1166.67,739.44,1030.11,1558.22,672.22,831,2019,31,216,0.0
2019-08-05,760.56,1178.33,829.78,770.11,1658.22,617.33,832,2019,32,217,0.0
2019-08-06,600.89,1531.11,868.89,727.0,,735.22,833,2019,32,218,0.0
2019-08-07,436.78,722.33,881.0,790.0,1260.22,,834,2019,32,219,0.0
2019-08-08,706.33,1231.78,1259.0,1580.78,1595.89,,835,2019,32,220,0.0
2019-08-09,530.89,1017.89,922.22,1030.44,,502.33,836,2019,32,221,0.0
2019-08-10,677.78,1415.67,1180.44,949.89,1205.22,,837,2019,32,222,0.0
2019-08-11,528.78,1612.67,827.33,768.11,1445.11,,838,2019,32,223,0.0
2019-08-12,492.0,1151.67,998.78,925.33,1221.22,662.33,839,2019,33,224,0.0
2019-08-13,748.0,1166.33,1440.89,1368.67,1225.0,,840,2019,33,225,0.0
2019-08-14,452.11,1248.33,950.78,992.33,1277.56,,841,2019,33,226,0.0
2019-08-15,,1141.56,949.67,1098.0,1455.78,,842,2019,33,227,0.0
2019-08-16,,1471.11,996.0,717.78,1869.33,,843,2019,33,228,0.0
2019-08-17,535.44,1088.11,893.33,967.22,,555.44,844,2019,33,229,0.0
2019-08-18,464.89,1180.22,1083.44,1168.0,1177.67,665.33,845,2019,33,230,0.0
2019-08-19,583.44,1200.0,982.67,1179.89,1598.33,672.67,846,2019,34,231,0.0
2019-08-20,,1379.67,796.89,979.0,1251.44,,847,2019,34,232,0.0
2019-08-21,724.78,1268.78,1006.56,1045.89,,523.89,848,2019,34,233,0.0
2019-08-22,418.56,1368.89,772.56,864.44,,,849,2019,34,234,0.0
2019-08-23,416.11,821.44,851.33,958.44,1000.78,,850,2019,34,235,0.0
2019-08-24,769.67,1270.78,1589.44,1175.78,901.33,,851,2019,34,236,0.0
2019-08-25,460.89,1124.56,790.33,1030.56,,600.56,852,2019,34,237,0.0
2019-08-26,,192.56,644.67,462.33,1665.0,,853,2019,35,238,0.0
2019-08-27,,657.11,783.89,662.89,1890.11,561.89,854,2019,35,239,0.0
2019-08-28,393.0,794.33,466.11,649.11,667.22,,855,2019,35,240,0.0
2019-08-29,566.78,1141.11,1081.78,1430.0,1042.67,,856,2019,35,241,0.0
2019-08-30,353.44,975.89,957.44,1156.33,1464.11,,857,2019,35,242,0.0
2019-08-31,542.22,1438.89,984.22,935.33,1267.78,680.11,858,2019,35,243,0.0
2019-09-01,581.0,1582.89,898.22,976.67,1461.56,862.78,859,2019,35,244,0.0
2019-09-02,248.67,975.67,503.22,899.33,242.33,650.67,860,2019,36,245,0.0
2019-09-03,,1176.89,877.78,1100.11,1475.33,,861,2019,36,246,0.0
2019-09-04,,1100.67,1122.0,1027.56,1249.11,,862,2019,36,247,0.0
2019-09-05,459.33,1160.33,873.67,954.67,1333.0,722.33,863,2019,36,248,0.0
2019-09-06,667.56,1555.89,1065.67,942.56,,660.56,864,2019,36,249,0.0
2019-09-07,378.67,1603.78,593.22,541.33,790.67,793.67,865,2019,36,250,0.0
2019-09-08,,1142.11,874.89,265.11,1186.33,,866,2019,36,251,0.0
2019-09-09,,1053.67,,,,,867,2019,37,252,0.0
2019-09-10,,1152.22,843.78,465.33,,,868,2019,37,253,0.0
2019-09-11,772.78,571.56,827.44,417.89,,543.67,869,2019,37,254,0.0
2019-09-12,586.56,170.33,570.67,284.89,,681.56,870,2019,37,255,0.0
2019-09-13,545.56,1182.44,1030.78,692.33,1408.22,606.44,871,2019,37,256,0.0
2019-09-14,,,,,,,872,2019,37,257,0.0
2019-09-15,391.78,1177.56,848.11,1050.56,,511.33,873,2019,37,258,0.0
2019-09-16,625.11,983.22,824.0,871.67,1513.11,518.44,874,2019,38,259,0.0
2019-09-17,754.67,1975.11,885.11,898.78,,477.11,875,2019,38,260,0.0
2019-09-18,382.22,1226.22,767.11,890.89,1947.56,,876,2019,38,261,0.0
2019-09-19,399.44,818.33,642.33,723.22,669.0,,877,2019,38,262,0.0
2019-09-20,336.11,1053.78,944.22,989.22,1840.89,,878,2019,38,263,0.0
2019-09-21,552.0,1232.33,1043.78,952.67,845.89,,879,2019,38,264,0.0
2019-09-22,574.44,1880.78,900.67,1001.44,1256.11,,880,2019,38,265,0.0
2019-09-23,567.67,1806.78,913.67,813.22,1583.89,,881,2019,39,266,0.0
2019-09-24,405.67,,,,,,882,2019,39,267,0.0
2019-09-25,645.44,1040.22,1007.22,977.11,1627.33,,883,2019,39,268,0.0
2019-09-26,365.22,1190.67,777.22,1003.0,,522.78,884,2019,39,269,0.0
2019-09-27,592.0,1020.22,972.11,668.67,,634.22,885,2019,39,270,0.0
2019-09-28,751.22,1799.22,960.11,532.33,,,886,2019,39,271,0.0
2019-09-29,448.44,761.67,763.56,861.56,1277.67,630.33,887,2019,39,272,0.0
2019-09-30,573.22,1107.0,1183.78,1324.22,1426.33,,888,2019,40,273,0.0
2019-10-01,473.67,804.78,853.44,658.67,,466.56,889,2019,40,274,0.0
2019-10-02,426.33,342.44,718.11,934.11,1861.56,,890,2019,40,275,0.0
2019-10-03,738.67,607.0,848.44,827.78,,,891,2019,40,276,0.0
2019-10-04,450.44,1272.89,943.0,852.22,949.33,578.44,892,2019,40,277,0.0
2019-10-05,444.78,1084.22,1098.67,1131.0,1182.89,,893,2019,40,278,0.0
2019-10-06,430.11,,832.78,1167.22,950.78,,894,2019,40,279,0.0
2019-10-07,,,,,,,895,2019,41,280,0.0
2019-10-08,596.33,1338.44,850.89,939.67,,669.11,896,2019,41,281,0.0
2019-10-09,450.22,1592.67,772.44,778.44,,,897,2019,41,282,0.0
2019-10-10,,1365.0,1027.78,1027.78,1644.33,606.56,898,2019,41,283,0.0
2019-10-11,564.78,1152.67,918.33,849.44,1527.56,,899,2019,41,284,0.0
2019-10-12,438.0,1111.89,880.44,844.89,1063.22,,900,2019,41,285,0.0
2019-10-13,468.11,1269.11,766.89,862.56,1959.78,,901,2019,41,286,0.0
2019-10-14,,,,,,,902,2019,42,287,0.0
2019-10-15,396.44,919.22,773.11,918.89,,637.11,903,2019,42,288,0.0
2019-10-16,761.67,856.78,1306.67,1272.0,1222.89,631.67,904,2019,42,289,0.0
2019-10-17,,763.33,358.44,669.89,,,905,2019,42,290,0.0
2019-10-18,450.89,1077.22,783.11,762.22,1256.33,559.0,906,2019,42,291,0.0
2019-10-19,,1437.11,791.0,852.44,,803.44,907,2019,42,292,0.0
2019-10-20,381.33,958.56,853.33,737.78,,,908,2019,42,293,0.0
2019-10-21,,927.78,1064.22,1178.56,847.89,,909,2019,43,294,0.0
2019-10-22,399.89,833.22,814.44,1148.89,1280.33,,910,2019,43,295,0.0
2019-10-23,384.11,907.67,747.22,,779.78,,911,2019,43,296,0.0
2019-10-24,434.78,599.33,692.56,753.0,1325.78,,912,2019,43,297,0.0
2019-10-25,,1593.78,764.78,,1765.44,,913,2019,43,298,0.0
2019-10-26,476.56,863.44,1011.22,895.56,1075.22,,914,2019,43,299,0.0
2019-10-27,662.44,988.44,1365.67,1098.22,1269.22,,915,2019,43,300,0.0
2019-10-28,,938.78,711.89,803.11,1073.0,,916,2019,44,301,0.0
2019-10-29,,1512.89,773.33,1026.0,1836.33,,917,2019,44,302,0.0
2019-10-30,,,719.89,,,797.33,918,2019,44,303,0.0
2019-10-31,465.22,927.67,896.78,877.56,1390.78,627.89,919,2019,44,304,0.0
2020-05-01,451.33,1553.0,598.67,621.0,,530.0,920,2020,18,122,0.0
2020-05-02,,598.0,627.89,752.44,937.78,,921,2020,18,123,0.0
2020-05-03,349.22,891.11,935.56,1090.56,,401.56,922,2020,18,124,0.0
2020-05-04,451.33,1553.0,598.67,621.0,,530.0,923,2020,19,125,0.0
2020-05-05,,598.0,627.89,752.44,937.78,,924,2020,19,126,0.0
2020-05-06,349.22,891.11,935.56,1090.56,,401.56,925,2020,19,127,0.0
2020-05-07,,852.67,645.11,867.0,1203.78,,926,2020,19,128,0.0
2020-05-08,,,,,,,927,2020,19,129,0.0
2020-05-09,,,,,,,928,2020,19,130,0.0
2020-05-10,312.33,872.0,722.44,812.67,1296.11,470.56,929,2020,19,131,0.0
2020-05-11,,841.78,886.22,894.0,1455.89,,930,2020,20,132,0.0
2020-05-12,315.56,852.89,772.67,871.89,1062.33,,931,2020,20,133,0.0
2020-05-13,312.56,,609.22,,,509.89,932,2020,20,134,0.0
2020-05-14,,1037.89,,,,,933,2020,20,135,0.0
2020-05-15,,,,,,,934,2020,20,136,0.0
2020-05-16,335.11,744.89,662.67,844.33,961.44,380.78,935,2020,20,137,0.0
2020-05-17,357.0,867.11,678.33,787.67,,365.11,936,2020,20,138,0.0
2020-05-18,351.0,695.56,554.22,674.78,975.78,,937,2020,21,139,0.0
2020-05-19,411.56,953.0,563.67,667.67,1150.11,,938,2020,21,140,0.0
2020-05-20,,1096.56,589.56,526.11,1346.0,446.78,939,2020,21,141,0.0
2020-05-21,334.11,947.44,671.56,796.22,1090.89,,940,2020,21,142,0.0
2020-05-22,,,,,,,941,2020,21,143,0.0
2020-05-23,,,,714.11,,399.56,942,2020,21,144,0.0
2020-05-24,317.56,1145.22,711.89,699.56,1408.33,,943,2020,21,145,0.0
2020-05-25,,1530.11,559.0,646.44,1640.0,654.11,944,2020,22,146,0.0
2020-05-26,,654.0,606.0,684.44,870.0,471.33,945,2020,22,147,0.0
2020-05-27,412.78,246.67,607.89,565.22,955.33,,946,2020,22,148,0.0
2020-05-28,,,,949.33,668.78,,947,2020,22,149,0.0
2020-05-29,398.89,1066.0,636.0,603.22,,524.67,948,2020,22,150,0.0
2020-05-30,,331.89,293.0,621.67,769.67,560.22,949,2020,22,151,0.0
2020-05-31,,576.67,349.89,472.44,494.67,,950,2020,22,152,0.0
2020-06-01,,792.22,701.67,805.44,1052.0,,951,2020,23,153,0.0
2020-06-02,337.11,544.67,749.22,920.11,,509.67,952,2020,23,154,0.0
2020-06-03,295.22,1026.67,674.22,826.78,1021.11,516.78,953,2020,23,155,0.0
2020-06-04,414.56,1181.78,672.67,739.56,,,954,2020,23,156,0.0
2020-06-05,,1208.44,662.0,607.11,1764.0,468.67,955,2020,23,157,0.0
2020-06-06,345.78,669.78,611.44,547.33,1215.56,,956,2020,23,158,0.0
2020-06-07,352.56,903.22,610.67,738.78,948.67,,957,2020,23,159,0.0
2020-06-08,,860.89,680.44,590.56,847.56,,958,2020,24,160,0.0
2020-06-09,,1082.22,416.33,580.89,343.67,,959,2020,24,161,0.0
2020-06-10,466.0,325.78,507.0,202.89,,,960,2020,24,162,0.0
2020-06-11,349.44,1040.67,855.89,845.22,1570.56,552.0,961,2020,24,163,0.0
2020-06-12,484.0,1030.11,932.0,,1105.11,407.22,962,2020,24,164,0.0
2020-06-13,362.22,654.0,594.56,358.22,872.44,,963,2020,24,165,0.0
2020-06-14,403.0,484.67,619.56,576.22,1127.67,408.33,964,2020,24,166,0.0
2020-06-15,671.33,1142.33,557.44,612.0,1804.67,522.67,965,2020,25,167,0.0
2020-06-16,,1095.44,669.22,761.33,1192.22,,966,2020,25,168,0.0
2020-06-17,444.67,826.22,630.67,766.0,966.78,,967,2020,25,169,0.0
2020-06-18,317.0,,649.44,,851.44,,968,2020,25,170,0.0
2020-06-19,370.11,1221.44,701.89,747.67,902.78,486.78,969,2020,25,171,0.0
2020-06-20,455.22,1226.89,590.67,668.11,1454.89,397.11,970,2020,25,172,0.0
2020-06-21,354.0,853.78,679.22,700.67,950.22,458.78,971,2020,25,173,0.0
2020-06-22,291.56,1012.67,629.22,857.33,1452.22,,972,2020,26,174,0.0
2020-06-23,366.0,470.78,726.89,1185.44,484.56,331.44,973,2020,26,175,0.0
2020-06-24,307.56,185.56,616.33,539.0,961.89,389.33,974,2020,26,176,0.0
2020-06-25,354.0,393.11,551.56,374.22,1796.44,,975,2020,26,177,0.0
2020-06-26,,1568.33,288.44,555.0,421.89,404.0,976,2020,26,178,0.0
2020-06-27,334.67,1017.44,663.44,784.89,813.33,,977,2020,26,179,0.0
2020-06-28,391.56,1020.11,666.11,487.33,1097.89,319.11,978,2020,26,180,0.0
2020-06-29,372.78,852.89,507.0,726.11,1136.44,,979,2020,27,181,0.0
2020-06-30,,900.33,,604.56,1425.33,,980,2020,27,182,0.0
2020-07-01,439.11,1076.11,497.44,393.67,1178.44,389.22,981,2020,27,183,0.0
2020-07-02,303.44,156.56,318.0,274.0,705.44,269.67,982,2020,27,184,0.0
2020-07-03,342.56,754.67,417.67,494.89,1046.44,482.67,983,2020,27,185,0.0
2020-07-04,249.67,913.78,420.0,471.89,972.11,,984,2020,27,186,0.0
2020-07-05,,888.0,,,,,985,2020,27,187,0.0
2020-07-06,386.0,821.44,489.56,470.22,1039.56,,986,2020,28,188,0.0
2020-07-07,368.78,386.22,337.67,285.22,959.11,,987,2020,28,189,0.0
2020-07-08,,421.44,400.56,397.67,1302.56,,988,2020,28,190,0.0
2020-07-09,400.67,792.0,607.33,391.56,766.89,320.33,989,2020,28,191,0.0
2020-07-10,287.67,832.11,512.56,489.11,998.22,345.22,990,2020,28,192,0.0
2020-07-11,267.89,1199.33,478.33,413.11,,565.89,991,2020,28,193,0.0
2020-07-12,471.11,1176.22,496.78,350.22,,,992,2020,28,194,0.0
2020-07-13,297.11,740.44,410.67,375.89,867.56,,993,2020,29,195,0.0
2020-07-14,,483.22,379.89,283.89,522.56,,994,2020,29,196,0.0
2020-07-15,279.78,896.89,390.33,540.44,970.0,,995,2020,29,197,0.0
2020-07-16,,364.44,300.67,291.11,,397.0,996,2020,29,198,0.0
2020-07-17,405.44,1364.44,412.67,435.67,1035.22,,997,2020,29,199,0.0
2020-07-18,296.22,921.22,521.22,382.56,918.0,,998,2020,29,200,0.0
2020-07-19,,849.22,520.22,470.67,931.33,,999,2020,29,201,0.0
2020-07-20,325.33,737.78,503.44,640.56,504.44,241.44,1000,2020,30,202,0.0
2020-07-21,214.11,792.11,404.0,550.22,1152.11,,1001,2020,30,203,0.0
2020-07-22,,141.56,249.78,293.67,,158.22,1002,2020,30,204,0.0
2020-07-23,,929.56,425.33,494.33,516.89,,1003,2020,30,205,0.0
2020-07-24,259.0,873.67,506.33,742.89,,352.67,1004,2020,30,206,0.0
2020-07-25,316.56,746.44,537.89,763.0,1060.11,,1005,2020,30,207,0.0
2020-07-26,229.44,519.0,307.44,497.22,736.22,,1006,2020,30,208,0.0
2020-07-27,208.56,83.22,188.78,285.78,132.67,,1007,2020,31,209,0.0
2020-07-28,,434.56,168.11,127.67,222.67,,1008,2020,31,210,0.0
2020-07-29,180.0,112.11,260.89,252.11,,312.56,1009,2020,31,211,0.0
2020-07-30,316.22,1072.11,546.33,913.44,894.33,,1010,2020,31,212,0.0
2020-07-31,163.56,869.0,420.11,536.11,1000.89,,1011,2020,31,213,0.0
2020-08-01,166.33,1122.33,426.0,603.89,1080.67,,1012,2020,31,214,0.0
2020-08-02,,252.0,439.11,321.22,,,1013,2020,31,215,0.0
2020-08-03,195.22,895.78,449.89,488.33,748.0,,1014,2020,32,216,0.0
2020-08-04,,904.78,305.33,622.22,228.67,,1015,2020,32,217,1.0
2020-08-05,,750.22,392.11,1184.89,571.78,,1016,2020,32,218,1.0
2020-08-06,160.11,760.56,370.78,704.78,705.0,341.44,1017,2020,32,219,1.0
2020-08-07,199.11,1301.33,431.11,640.11,899.44,405.67,1018,2020,32,220,1.0
2020-08-08,266.22,1268.67,436.0,537.11,,,1019,2020,32,221,1.0
2020-08-09,,,426.56,906.89,613.78,,1020,2020,32,222,1.0
2020-08-10,,405.78,,1067.0,,353.67,1021,2020,33,223,1.0
2020-08-11,217.0,836.22,529.44,636.56,,352.44,1022,2020,33,224,1.0
2020-08-12,295.44,1012.56,488.22,707.56,910.67,,1023,2020,33,225,1.0
2020-08-13,253.33,1368.78,457.44,504.22,910.67,542.44,1024,2020,33,226,1.0
2020-08-14,197.89,867.78,486.33,800.56,945.22,,1025,2020,33,227,1.0
2020-08-15,251.0,883.22,603.78,1355.78,1102.44,,1026,2020,33,228,1.0
2020-08-16,194.56,757.44,521.78,905.44,893.33,,1027,2020,33,229,1.0
2020-08-17,,1091.56,492.78,855.44,1372.11,529.0,1028,2020,34,230,1.0
2020-08-18,356.33,1097.67,541.56,666.22,1598.67,578.33,1029,2020,34,231,1.0
2020-08-19,237.11,899.67,505.56,682.44,1322.0,,1030,2020,34,232,1.0
2020-08-20,190.22,776.89,521.89,788.67,1048.0,,1031,2020,34,233,1.0
2020-08-21,210.0,776.22,580.56,893.0,,453.0,1032,2020,34,234,1.0
2020-08-22,217.44,997.78,490.89,692.78,1077.89,,1033,2020,34,235,1.0
2020-08-23,500.22,1220.67,591.0,703.33,1566.78,,1034,2020,34,236,1.0
2020-08-24,201.67,1490.11,455.0,495.44,1495.0,,1035,2020,35,237,1.0
2020-08-25,163.44,1016.56,545.33,749.89,1061.11,374.11,1036,2020,35,238,1.0
2020-08-26,254.78,986.89,725.67,1015.67,1014.33,,1037,2020,35,239,1.0
2020-08-27,178.22,781.67,514.89,609.78,,313.0,1038,2020,35,240,1.0
2020-08-28,293.11,995.44,462.56,370.11,1380.33,,1039,2020,35,241,1.0
2020-08-29,,154.56,418.44,336.67,1173.89,478.67,1040,2020,35,242,1.0
2020-08-30,161.44,742.44,529.0,581.78,1059.44,397.67,1041,2020,35,243,1.0
2020-08-31,,,,,769.11,,1042,2020,36,244,1.0
2020-09-01,,,,,,,1043,2020,36,245,1.0
2020-09-02,,535.56,307.89,340.44,,301.67,1044,2020,36,246,1.0
2020-09-03,340.33,638.0,479.67,415.44,960.22,,1045,2020,36,247,1.0
2020-09-04,200.44,791.56,451.44,548.0,796.44,,1046,2020,36,248,1.0
2020-09-05,176.44,659.89,508.89,757.78,,,1047,2020,36,249,1.0
2020-09-06,,616.44,440.33,379.44,686.11,,1048,2020,36,250,1.0
2020-09-07,244.67,538.11,462.22,445.67,996.22,,1049,2020,37,251,1.0
2020-09-08,342.22,193.11,408.67,297.22,528.22,,1050,2020,37,252,1.0
2020-09-09,265.78,690.22,398.67,419.44,707.78,335.0,1051,2020,37,253,1.0
2020-09-10,,,,583.67,760.89,,1052,2020,37,254,1.0
2020-09-11,270.89,644.56,498.78,715.22,,369.0,1053,2020,37,255,1.0
2020-09-12,207.56,968.44,503.22,675.11,1627.67,429.67,1054,2020,37,256,1.0
2020-09-13,234.78,1019.22,547.11,585.67,1560.78,,1055,2020,37,257,1.0
2020-09-14,442.44,1186.44,520.67,492.33,1694.11,477.89,1056,2020,38,258,1.0
2020-09-15,184.67,826.22,476.33,603.89,986.33,,1057,2020,38,259,1.0
2020-09-16,,832.22,667.44,900.33,1020.0,,1058,2020,38,260,1.0
2020-09-17,184.0,838.0,506.22,722.78,1420.0,,1059,2020,38,261,1.0
2020-09-18,183.67,722.0,466.33,638.22,1274.11,,1060,2020,38,262,1.0
2020-09-19,332.0,747.22,445.78,500.22,450.89,401.33,1061,2020,38,263,1.0
2020-09-20,288.33,324.22,473.11,549.67,859.22,,1062,2020,38,264,1.0
2020-09-21,,769.89,496.89,808.44,1059.78,,1063,2020,39,265,1.0
2020-09-22,281.33,883.56,590.78,792.67,1224.0,,1064,2020,39,266,1.0
2020-09-23,386.33,951.89,560.11,275.33,621.0,,1065,2020,39,267,1.0
2020-09-24,,271.44,211.33,174.44,,104.56,1066,2020,39,268,1.0
2020-09-25,,18.44,157.22,,94.11,,1067,2020,39,269,1.0
2020-09-26,196.44,785.22,523.33,744.22,1111.67,,1068,2020,39,270,1.0
2020-09-27,277.78,739.0,700.78,863.33,868.33,,1069,2020,39,271,1.0
2020-09-28,,705.0,594.78,711.89,1170.44,,1070,2020,40,272,1.0
2020-09-29,239.44,1038.67,500.78,626.56,,466.0,1071,2020,40,273,1.0
2020-09-30,414.89,1251.22,465.33,450.56,1323.33,531.78,1072,2020,40,274,1.0
2020-10-01,295.0,901.0,628.67,606.78,855.56,471.33,1073,2020,40,275,1.0
2020-10-02,234.0,882.56,483.44,804.56,490.56,,1074,2020,40,276,1.0
2020-10-03,283.22,,,,874.67,382.89,1075,2020,40,277,1.0
2020-10-04,257.44,1047.11,589.33,721.44,1411.89,,1076,2020,40,278,1.0
2020-10-05,292.33,1523.11,621.56,639.0,,450.11,1077,2020,41,279,1.0
2020-10-06,,966.56,531.44,619.22,920.89,434.89,1078,2020,41,280,1.0
2020-10-07,,835.56,627.44,758.11,1044.44,,1079,2020,41,281,1.0
2020-10-08,196.33,897.22,590.44,860.11,1150.44,,1080,2020,41,282,1.0
2020-10-09,339.11,759.56,558.78,649.78,985.11,,1081,2020,41,283,1.0
2020-10-10,,294.11,321.33,415.78,319.56,,1082,2020,41,284,1.0
2020-10-11,189.56,53.22,263.44,351.44,,311.78,1083,2020,41,285,1.0
2020-10-12,,728.0,,,436.67,,1084,2020,42,286,1.0
2020-10-13,,,556.67,,1699.22,,1085,2020,42,287,1.0
2020-10-14,264.22,879.56,566.33,765.67,1222.89,,1086,2020,42,288,1.0
2020-10-15,401.56,744.67,595.11,718.56,1016.33,480.67,1087,2020,42,289,1.0
2020-10-16,,516.89,301.67,216.67,102.33,,1088,2020,42,290,1.0
2020-10-17,,728.0,575.89,,947.11,,1089,2020,42,291,1.0
2020-10-18,482.78,716.0,624.56,1121.0,,501.44,1090,2020,42,292,1.0
2020-10-19,292.78,817.56,555.56,743.56,1016.11,,1091,2020,43,293,1.0
2020-10-20,350.44,883.44,594.44,653.33,1196.33,,1092,2020,43,294,1.0
2020-10-21,343.56,1167.56,575.67,640.56,,506.78,1093,2020,43,295,1.0
2020-10-22,263.44,859.22,609.67,686.33,1021.67,,1094,2020,43,296,1.0
2020-10-23,264.11,926.44,627.67,821.78,1205.11,,1095,2020,43,297,1.0
2020-10-24,,,,,,,1096,2020,43,298,1.0
2020-10-25,,1081.78,579.33,744.67,1193.0,,1097,2020,43,299,1.0
2020-10-26,290.33,1105.0,615.67,686.67,1561.22,459.56,1098,2020,44,300,1.0
2020-10-27,235.0,1050.0,532.78,499.56,1379.67,574.0,1099,2020,44,301,1.0
2020-10-28,,197.0,277.44,259.67,701.67,,1100,2020,44,302,1.0
2020-10-29,,,,,,,1101,2020,44,303,1.0
2020-10-30,,,,,,,1102,2020,44,304,1.0
2020-10-31,,257.78,335.0,455.89,,260.44,1103,2020,44,305,1.0
